     0/299     10.5G    0.0906   0.04326   0.05058    0.1844       141       640   0.00458  0.003128  0.003191 0.0009321   0.07814   0.03313   0.04723
     1/299     12.3G   0.07232   0.04311   0.04511    0.1606       282       640   0.09442   0.02251   0.02541  0.009789   0.06742   0.03216   0.04022
     2/299     12.3G   0.06664   0.04188   0.03865    0.1472       178       640    0.1991   0.09807   0.07554   0.03434   0.06182   0.03109   0.03248
     3/299     12.3G   0.06311    0.0409   0.03265    0.1367       200       640    0.2503     0.188    0.1467   0.07174   0.05771   0.03003   0.02654
     4/299     12.3G   0.06058   0.04007   0.02898    0.1296       202       640    0.2541    0.2729     0.205    0.1071   0.05507   0.02939   0.02312
     5/299     12.3G   0.05903   0.03952   0.02679    0.1253       186       640      0.26    0.3324    0.2499    0.1332    0.0535   0.02893   0.02117
     6/299     12.3G   0.05802   0.03923    0.0253    0.1226       170       640     0.264     0.367    0.2815    0.1535   0.05232    0.0286   0.01979
     7/299     12.3G   0.05714   0.03898   0.02421    0.1203       207       640    0.2638     0.393    0.3018    0.1673   0.05157   0.02835   0.01891
     8/299     12.3G   0.05654   0.03861   0.02336    0.1185       274       640    0.2707    0.4068    0.3167    0.1767   0.05108    0.0282   0.01833
     9/299     12.3G   0.05606   0.03852   0.02269    0.1173       207       640    0.2778    0.4176    0.3266    0.1831   0.05073   0.02808   0.01793
    10/299     12.3G   0.05563    0.0384    0.0222    0.1162       202       640    0.2835    0.4224    0.3341    0.1884   0.05046   0.02798   0.01764
    11/299     12.3G   0.05526   0.03824   0.02176    0.1153       223       640    0.2937    0.4241    0.3405    0.1929   0.05023   0.02789   0.01741
    12/299     12.3G   0.05483   0.03804   0.02129    0.1142       229       640    0.3065    0.4248    0.3465    0.1969   0.05002   0.02781    0.0172
    13/299     12.3G   0.05465   0.03808   0.02108    0.1138       199       640    0.3204    0.4248    0.3522    0.2005   0.04983   0.02774   0.01701
    14/299     12.3G    0.0544    0.0378   0.02075     0.113       207       640    0.3324    0.4214    0.3568    0.2044   0.04966   0.02769   0.01683
    15/299     12.3G    0.0541   0.03767   0.02053    0.1123       136       640    0.3445    0.4211    0.3621    0.2084   0.04949   0.02765   0.01666
    16/299     12.3G   0.05397   0.03773   0.02025    0.1119       116       640    0.3579    0.4205    0.3673    0.2118   0.04933   0.02762   0.01649
    17/299     12.3G   0.05374   0.03766   0.02007    0.1115       266       640    0.3725    0.4217    0.3731    0.2158   0.04916   0.02759   0.01631
    18/299     12.3G   0.05364   0.03742   0.01996     0.111       231       640    0.3923    0.4247    0.3785    0.2198   0.04898   0.02755   0.01613
    19/299     12.3G   0.05344   0.03747   0.01979    0.1107       228       640    0.3963    0.4261    0.3836    0.2231   0.04881   0.02751   0.01595
    20/299     12.3G   0.05331   0.03738   0.01964    0.1103       208       640    0.4032    0.4304    0.3889     0.227   0.04863   0.02747   0.01576
    21/299     12.3G   0.05316   0.03735   0.01947      0.11       184       640    0.4088    0.4367    0.3945    0.2312   0.04845    0.0274   0.01557
    22/299     12.3G   0.05307   0.03729   0.01939    0.1097       203       640    0.4137    0.4423    0.3997    0.2345   0.04827   0.02734   0.01537
    23/299     12.3G   0.05297   0.03717   0.01922    0.1094       262       640    0.4099    0.4471    0.4041    0.2379   0.04809   0.02728   0.01519
    24/299     12.3G   0.05292   0.03726   0.01914    0.1093       185       640    0.4082    0.4533    0.4092    0.2415   0.04791    0.0272     0.015
    25/299     12.3G   0.05272   0.03715   0.01903    0.1089       165       640    0.4058    0.4611    0.4142    0.2448   0.04773   0.02713   0.01483
    26/299     12.3G   0.05263   0.03714   0.01894    0.1087       164       640    0.4063    0.4672     0.419    0.2483   0.04757   0.02705   0.01467
    27/299     12.3G    0.0526    0.0371   0.01887    0.1086       204       640    0.4044    0.4727    0.4235    0.2517   0.04742   0.02699   0.01451
    28/299     12.3G   0.05252   0.03696    0.0188    0.1083       179       640    0.4031    0.4787    0.4275    0.2545   0.04727   0.02691   0.01436
    29/299     12.3G    0.0524   0.03701   0.01874    0.1081       237       640    0.3985    0.4838    0.4308    0.2576   0.04712   0.02684   0.01423
    30/299     12.3G   0.05236   0.03705   0.01864     0.108       203       640     0.395     0.488    0.4345    0.2604   0.04699   0.02678   0.01411
    31/299     12.3G   0.05222   0.03677   0.01857    0.1076       153       640    0.3944    0.4931    0.4377    0.2624   0.04687   0.02671     0.014
    32/299     12.3G   0.05212   0.03688   0.01852    0.1075       178       640     0.387    0.4974     0.441    0.2649   0.04676   0.02665   0.01389
    33/299     12.3G   0.05209   0.03678   0.01842    0.1073       163       640    0.3864    0.5034    0.4442    0.2675   0.04666    0.0266   0.01378
    34/299     12.3G   0.05201   0.03676   0.01834    0.1071       159       640     0.382    0.5067    0.4463    0.2691   0.04656   0.02655   0.01369
    35/299     12.3G   0.05195   0.03679   0.01826     0.107       185       640    0.3804    0.5101    0.4491    0.2711   0.04647    0.0265   0.01361
    36/299     12.3G   0.05189   0.03675    0.0182    0.1068       187       640    0.3784    0.5143    0.4514    0.2728   0.04637   0.02646   0.01352
    37/299     12.3G   0.05184   0.03668   0.01819    0.1067       141       640    0.3758    0.5181    0.4538    0.2746   0.04627   0.02642   0.01344
    38/299     12.3G   0.05176   0.03669   0.01807    0.1065       157       640    0.3744    0.5213    0.4561    0.2765   0.04618   0.02638   0.01336
    39/299     12.3G   0.05173    0.0366   0.01803    0.1064       147       640    0.3719    0.5259    0.4581    0.2782    0.0461   0.02634   0.01328
    40/299     12.3G   0.05169   0.03656   0.01805    0.1063       217       640    0.3691     0.529    0.4594    0.2798   0.04603   0.02631   0.01322
    41/299     12.3G    0.0516   0.03658   0.01797    0.1061       126       640    0.3674    0.5312     0.461    0.2808   0.04597   0.02628   0.01317
    42/299     12.3G   0.05156   0.03667   0.01793    0.1062       170       640    0.3661    0.5335    0.4628    0.2821    0.0459   0.02625   0.01312
    43/299     12.3G    0.0515   0.03649   0.01787    0.1059       165       640    0.3632    0.5361     0.465    0.2835   0.04584   0.02622   0.01305
    44/299     12.3G   0.05151   0.03658   0.01787     0.106       190       640    0.3627    0.5399    0.4672    0.2849   0.04577   0.02619   0.01299
    45/299     12.3G   0.05149   0.03657   0.01784    0.1059       205       640    0.3619    0.5434    0.4689    0.2861   0.04571   0.02616   0.01294
    46/299     12.3G   0.05134   0.03654   0.01773    0.1056       192       640     0.361    0.5459    0.4704    0.2868   0.04566   0.02614    0.0129
    47/299     12.3G   0.05139   0.03652   0.01774    0.1057       145       640    0.3593    0.5485     0.472    0.2879   0.04561   0.02612   0.01287
    48/299     12.3G   0.05131   0.03649   0.01768    0.1055       185       640    0.3593    0.5504    0.4733    0.2893   0.04557    0.0261   0.01283
    49/299     12.3G   0.05123   0.03645   0.01765    0.1053       168       640    0.3581    0.5528    0.4747    0.2904   0.04552   0.02608   0.01279
    50/299     12.3G   0.05123   0.03642   0.01765    0.1053       141       640    0.3565    0.5548     0.476    0.2919   0.04547   0.02606   0.01275
    51/299     12.3G   0.05114   0.03645   0.01763    0.1052       269       640    0.3552    0.5564    0.4774    0.2926   0.04542   0.02605   0.01271
    52/299     12.3G   0.05114   0.03637   0.01757    0.1051       243       640     0.355    0.5588    0.4784     0.293   0.04537   0.02603   0.01266
    53/299     12.3G   0.05107    0.0363   0.01755    0.1049       181       640    0.3535    0.5605    0.4796    0.2941   0.04533   0.02601   0.01263
    54/299     12.3G   0.05109   0.03643   0.01751     0.105       190       640    0.3544    0.5623    0.4815    0.2951   0.04529     0.026    0.0126
    55/299     12.3G   0.05102   0.03646   0.01744    0.1049       223       640    0.3539     0.565    0.4822    0.2955   0.04525   0.02598   0.01257
    56/299     12.3G     0.051   0.03635   0.01747    0.1048       133       640     0.353    0.5663    0.4833    0.2967   0.04521   0.02597   0.01253
    57/299     12.3G   0.05093   0.03641   0.01738    0.1047       195       640     0.352    0.5677    0.4847    0.2975   0.04516   0.02595    0.0125
    58/299     12.3G   0.05091   0.03629   0.01738    0.1046       135       640    0.3505     0.567    0.4855    0.2986   0.04512   0.02594   0.01247
    59/299     12.3G   0.05081   0.03628   0.01729    0.1044       196       640    0.3497    0.5688    0.4867    0.2992   0.04508   0.02592   0.01244
    60/299     12.3G   0.05083   0.03639   0.01737    0.1046       217       640    0.3502    0.5702    0.4873       0.3   0.04503   0.02591    0.0124
    61/299     12.3G    0.0508    0.0364   0.01727    0.1045       214       640      0.35    0.5715    0.4881    0.3006   0.04499    0.0259   0.01237
    62/299     12.3G   0.05076   0.03623   0.01722    0.1042       168       640    0.3497    0.5717    0.4891    0.3009   0.04495   0.02589   0.01235
    63/299     12.3G   0.05073   0.03622   0.01726    0.1042       197       640    0.3497    0.5737    0.4901    0.3015   0.04492   0.02588   0.01234
    64/299     12.3G   0.05072    0.0362   0.01719    0.1041       247       640    0.3496    0.5751    0.4913    0.3021   0.04489   0.02588   0.01231
    65/299     12.3G   0.05065   0.03618   0.01715     0.104       242       640    0.3501    0.5756    0.4912     0.302   0.04485   0.02587   0.01229
    66/299     12.3G   0.05062   0.03632   0.01708     0.104       146       640    0.3497    0.5771    0.4921    0.3025   0.04482   0.02586   0.01226
    67/299     12.3G   0.05069   0.03623   0.01715    0.1041       261       640    0.3496    0.5774    0.4925    0.3033   0.04479   0.02585   0.01224
    68/299     12.3G   0.05063   0.03617    0.0171    0.1039       192       640    0.3495     0.578    0.4931    0.3039   0.04477   0.02584   0.01221
    69/299     12.3G   0.05058   0.03624   0.01704    0.1039       218       640    0.3503    0.5802    0.4933    0.3042   0.04474   0.02583   0.01218
    70/299     12.3G   0.05057    0.0362   0.01702    0.1038       130       640    0.3502     0.581    0.4939     0.305    0.0447   0.02582   0.01216
    71/299     12.3G    0.0505   0.03616   0.01703    0.1037       196       640    0.3507    0.5809    0.4948    0.3059   0.04467    0.0258   0.01215
    72/299     12.3G   0.05055   0.03607   0.01703    0.1036       197       640    0.3488    0.5817    0.4952    0.3063   0.04464    0.0258   0.01212
    73/299     12.3G    0.0504    0.0361   0.01691    0.1034       201       640    0.3492    0.5831    0.4958     0.307   0.04461   0.02579   0.01211
    74/299     12.3G   0.05039   0.03614   0.01692    0.1034       198       640    0.3493    0.5842    0.4965    0.3077   0.04459   0.02578   0.01209
    75/299     12.3G   0.05041   0.03613   0.01691    0.1035       137       640    0.3476    0.5846    0.4965     0.308   0.04458   0.02577   0.01208
    76/299     12.3G   0.05032   0.03608   0.01686    0.1033       165       640    0.3477    0.5839    0.4964    0.3083   0.04455   0.02577   0.01206
    77/299     12.3G   0.05031   0.03604   0.01689    0.1032       202       640    0.3492    0.5863    0.4972    0.3088   0.04452   0.02577   0.01203
    78/299     12.3G   0.05029   0.03606   0.01683    0.1032       159       640    0.3495    0.5856    0.4972    0.3089   0.04449   0.02576   0.01202
    79/299     12.3G    0.0503   0.03602   0.01686    0.1032       256       640    0.3505    0.5867    0.4985    0.3095   0.04447   0.02576   0.01201
    80/299     12.3G   0.05025   0.03611    0.0168    0.1032       240       640    0.3509     0.587    0.4987    0.3095   0.04445   0.02575   0.01199
    81/299     12.3G   0.05027   0.03613   0.01678    0.1032       191       640    0.3513    0.5878    0.4997    0.3101   0.04442   0.02573   0.01197
    82/299     12.3G   0.05021   0.03597   0.01678     0.103       284       640    0.3502    0.5882    0.4996    0.3101    0.0444   0.02573   0.01196
    83/299     12.3G   0.05009   0.03595   0.01673    0.1028       146       640     0.349    0.5888    0.4999    0.3104   0.04438   0.02572   0.01195
    84/299     12.3G   0.05009   0.03599   0.01673    0.1028       156       640    0.3499    0.5879    0.4998    0.3104   0.04437   0.02571   0.01195
    85/299     12.3G   0.05011   0.03598   0.01666    0.1027       175       640    0.3489    0.5887    0.5002    0.3105   0.04435   0.02571   0.01194
    86/299     12.3G   0.05008   0.03605   0.01663    0.1028       237       640    0.3482    0.5892    0.5005     0.311   0.04433   0.02571   0.01191
    87/299     12.3G   0.05006   0.03598   0.01658    0.1026       228       640    0.3473    0.5917    0.5012    0.3112   0.04431   0.02571   0.01189
    88/299     12.3G   0.05005   0.03591    0.0166    0.1026       179       640    0.3478    0.5928    0.5023    0.3117   0.04429    0.0257   0.01188
    89/299     12.3G   0.04998    0.0359   0.01657    0.1025       195       640    0.3468    0.5924    0.5024    0.3125   0.04427   0.02569   0.01186
    90/299     12.3G   0.04996   0.03582   0.01658    0.1024       183       640    0.3471     0.592    0.5031     0.313   0.04425   0.02568   0.01182
    91/299     12.3G   0.04993    0.0359   0.01656    0.1024       210       640    0.3479    0.5935    0.5033     0.313   0.04423   0.02567    0.0118
    92/299     12.3G   0.04992   0.03596   0.01658    0.1025       223       640    0.3484    0.5943    0.5041    0.3135   0.04421   0.02568   0.01178
    93/299     12.3G   0.04991   0.03591   0.01648    0.1023       218       640    0.3473    0.5934    0.5045    0.3139   0.04419   0.02567   0.01178
    94/299     12.3G   0.04989   0.03594   0.01647    0.1023       254       640    0.3476    0.5932     0.505    0.3142   0.04417   0.02567   0.01177
    95/299     12.3G   0.04981   0.03584   0.01643    0.1021       228       640    0.3475    0.5944     0.505    0.3142   0.04416   0.02566   0.01177
    96/299     12.3G    0.0498   0.03584   0.01644    0.1021       125       640    0.3471    0.5948    0.5047    0.3144   0.04415   0.02566   0.01177
    97/299     12.3G   0.04971   0.03587   0.01639     0.102       166       640    0.3464    0.5947    0.5047    0.3149   0.04414   0.02566   0.01176
    98/299     12.3G   0.04979   0.03577   0.01641     0.102       155       640    0.3464    0.5941     0.505    0.3151   0.04413   0.02565   0.01174
    99/299     12.3G   0.04979   0.03584   0.01637     0.102       165       640    0.3464    0.5946    0.5057    0.3155   0.04413   0.02564   0.01174
   100/299     12.3G   0.04971   0.03567   0.01636    0.1017       191       640    0.3458    0.5955     0.506    0.3155   0.04412   0.02564   0.01172
   101/299     12.3G   0.04968   0.03588   0.01632    0.1019       201       640    0.3464    0.5976    0.5068    0.3159    0.0441   0.02563    0.0117
   102/299     12.3G   0.04965   0.03589   0.01634    0.1019       248       640    0.3469    0.5988    0.5071    0.3165   0.04408   0.02562   0.01169
   103/299     12.3G   0.04967   0.03587   0.01623    0.1018       145       640    0.3461    0.5979    0.5073    0.3166   0.04407   0.02561   0.01168
   104/299     12.3G   0.04958   0.03581   0.01626    0.1017       210       640    0.3461    0.5993    0.5076    0.3167   0.04405    0.0256   0.01166
   105/299     12.3G    0.0496   0.03582   0.01622    0.1016       208       640    0.3468    0.5998    0.5082    0.3169   0.04404    0.0256   0.01165
   106/299     12.3G   0.04955   0.03576   0.01616    0.1015       174       640    0.3464    0.5996    0.5084    0.3178   0.04402   0.02559   0.01164
   107/299     12.3G   0.04947    0.0357   0.01623    0.1014       206       640    0.3467    0.6003    0.5089     0.318   0.04401   0.02559   0.01163
   108/299     12.3G   0.04953   0.03576    0.0162    0.1015       280       640    0.3458    0.6011    0.5089    0.3181   0.04399   0.02558   0.01162
   109/299     12.3G   0.04949   0.03569   0.01618    0.1014       115       640    0.3461    0.6018    0.5098    0.3188   0.04397   0.02557    0.0116
   110/299     12.3G   0.04952   0.03582   0.01617    0.1015       189       640    0.3465    0.6025    0.5099    0.3188   0.04395   0.02557   0.01159
   111/299     12.3G   0.04941   0.03572    0.0161    0.1012       234       640    0.3465     0.602    0.5096    0.3191   0.04393   0.02556   0.01158
   112/299     12.3G   0.04938   0.03563   0.01609    0.1011       143       640    0.3477    0.6021    0.5101    0.3197   0.04392   0.02555   0.01156
   113/299     12.3G   0.04937   0.03575   0.01607    0.1012       161       640    0.3485    0.6034    0.5107    0.3201   0.04392   0.02554   0.01155
   114/299     12.3G   0.04936   0.03572   0.01606    0.1011       232       640    0.3474    0.6026    0.5111    0.3206    0.0439   0.02553   0.01154
   115/299     12.3G   0.04935   0.03575   0.01607    0.1012       146       640     0.347     0.603    0.5117    0.3214   0.04389   0.02553   0.01153
   116/299     12.3G   0.04932   0.03564   0.01599     0.101       178       640    0.3461    0.6029    0.5114    0.3212   0.04388   0.02552   0.01151
   117/299     12.3G   0.04931   0.03567   0.01599     0.101       234       640     0.346    0.6039    0.5121    0.3211   0.04387   0.02552    0.0115
   118/299     12.3G   0.04922   0.03562   0.01595    0.1008       178       640    0.3461    0.6042    0.5126    0.3217   0.04386   0.02552   0.01149
   119/299     12.3G   0.04919   0.03553   0.01594    0.1007       181       640    0.3451    0.6056     0.513     0.322   0.04384   0.02551   0.01147
   120/299     12.3G   0.04916   0.03556   0.01587    0.1006       187       640    0.3458    0.6067     0.514    0.3224   0.04383   0.02551   0.01146
   121/299     12.3G   0.04916   0.03561   0.01588    0.1006       151       640    0.3458    0.6076    0.5148    0.3228   0.04382   0.02551   0.01145
   122/299     12.3G    0.0492   0.03564   0.01588    0.1007       194       640    0.3445    0.6075    0.5148    0.3227   0.04381   0.02551   0.01144
   123/299     12.3G   0.04908   0.03549    0.0159    0.1005       180       640    0.3448    0.6086    0.5152    0.3234    0.0438   0.02551   0.01143
   124/299     12.3G   0.04909   0.03548   0.01585    0.1004       269       640    0.3454    0.6092    0.5155    0.3237   0.04379   0.02551   0.01142
   125/299     12.3G   0.04908   0.03549   0.01579    0.1004       139       640    0.3457    0.6097    0.5166    0.3241   0.04377   0.02551   0.01141
   126/299     12.3G   0.04902   0.03554    0.0158    0.1004       168       640    0.3454    0.6099    0.5167    0.3246   0.04376    0.0255   0.01139
   127/299     12.3G   0.04905   0.03546   0.01576    0.1003       184       640    0.3458      0.61    0.5168    0.3244   0.04375   0.02549   0.01138
   128/299     12.3G   0.04895   0.03554   0.01576    0.1003       171       640    0.3469    0.6098     0.517    0.3253   0.04373   0.02547   0.01137
   129/299     12.3G   0.04899   0.03546    0.0157    0.1001       257       640    0.3475    0.6097    0.5172    0.3255   0.04371   0.02546   0.01136
   130/299     12.3G   0.04892   0.03558   0.01573    0.1002       243       640    0.3486    0.6107    0.5182    0.3261    0.0437   0.02546   0.01134
   131/299     12.3G   0.04896   0.03551   0.01572    0.1002       172       640    0.3485    0.6102    0.5186    0.3257   0.04368   0.02545   0.01132
   132/299     12.3G    0.0489   0.03559   0.01565    0.1001       260       640    0.3495    0.6108     0.519     0.326   0.04367   0.02544   0.01131
   133/299     12.3G   0.04887   0.03544   0.01565   0.09996       134       640     0.348    0.6097    0.5195    0.3266   0.04367   0.02543   0.01128
   134/299     12.3G   0.04883   0.03546   0.01559   0.09988       201       640    0.3489    0.6105    0.5202    0.3271   0.04365   0.02542   0.01127
   135/299     12.3G   0.04878   0.03542   0.01561   0.09981       183       640    0.3494     0.611    0.5202    0.3278   0.04364   0.02541   0.01126
   136/299     12.3G   0.04884   0.03547   0.01556   0.09988       164       640     0.349    0.6108    0.5208    0.3284   0.04362   0.02541   0.01125
   137/299     12.3G    0.0487   0.03536   0.01555   0.09961       213       640    0.3496    0.6108    0.5206    0.3283   0.04362    0.0254   0.01125
   138/299     12.3G   0.04877    0.0354    0.0156   0.09978       196       640    0.3496    0.6105    0.5205    0.3283   0.04361    0.0254   0.01124
   139/299     12.3G   0.04869   0.03542   0.01549    0.0996       138       640    0.3501    0.6107    0.5209    0.3282   0.04359   0.02539   0.01124
   140/299     12.3G    0.0487    0.0353    0.0155    0.0995       203       640    0.3501    0.6109    0.5207    0.3285   0.04358   0.02539   0.01123
   141/299     12.3G   0.04865   0.03533   0.01547   0.09946       219       640    0.3493    0.6112    0.5215    0.3289   0.04357   0.02538   0.01123
   142/299     12.3G   0.04862   0.03548   0.01542   0.09952       155       640    0.3499    0.6125    0.5218    0.3291   0.04356   0.02538   0.01121
   143/299     12.3G   0.04867   0.03535   0.01544   0.09946       201       640    0.3501    0.6133    0.5218    0.3293   0.04354   0.02537   0.01121
   144/299     12.3G   0.04865   0.03543   0.01544   0.09952       216       640    0.3487    0.6135    0.5215    0.3296   0.04353   0.02537    0.0112
   145/299     12.3G   0.04853   0.03534   0.01535   0.09922       189       640    0.3496    0.6146     0.522    0.3302   0.04352   0.02536   0.01119
   146/299     12.3G   0.04855   0.03537   0.01541   0.09932       209       640    0.3493    0.6148    0.5222      0.33   0.04351   0.02535   0.01118
   147/299     12.3G   0.04856   0.03535   0.01537   0.09929       160       640    0.3491    0.6151    0.5225    0.3301   0.04348   0.02535   0.01116
   148/299     12.3G    0.0485   0.03534   0.01528   0.09913       159       640    0.3504     0.616    0.5228    0.3302   0.04346   0.02534   0.01115
   149/299     12.3G    0.0485   0.03534   0.01531   0.09916       219       640    0.3502    0.6158    0.5227    0.3299   0.04344   0.02534   0.01114
   150/299     12.3G   0.04846   0.03517   0.01535   0.09898       232       640    0.3496     0.616    0.5229    0.3302   0.04343   0.02533   0.01114
   151/299     12.3G   0.04844   0.03534   0.01521   0.09899       229       640    0.3489    0.6146    0.5237    0.3309   0.04341   0.02532   0.01114
   152/299     12.3G    0.0484   0.03546   0.01523   0.09908       175       640    0.3494    0.6141    0.5233     0.331    0.0434   0.02531   0.01112
   153/299     12.3G   0.04829   0.03523   0.01518    0.0987       256       640    0.3514    0.6152    0.5237    0.3309   0.04338   0.02531   0.01112
   154/299     12.3G   0.04839   0.03527   0.01517   0.09883       191       640     0.352    0.6167    0.5246    0.3311   0.04337   0.02531   0.01111
   155/299     12.3G    0.0483   0.03532   0.01517   0.09879       139       640     0.352    0.6161    0.5244    0.3317   0.04335   0.02531    0.0111
   156/299     12.3G   0.04823   0.03511   0.01515    0.0985       149       640    0.3507    0.6175    0.5249    0.3323   0.04334    0.0253   0.01108
   157/299     12.3G   0.04823   0.03519   0.01515   0.09857       188       640    0.3506     0.617     0.525    0.3326   0.04333   0.02529   0.01108
   158/299     12.3G   0.04823   0.03514   0.01516   0.09852       262       640    0.3495    0.6163    0.5251    0.3329   0.04332   0.02528   0.01106
   159/299     12.3G   0.04825   0.03528   0.01512   0.09864       238       640    0.3515     0.616    0.5254    0.3332   0.04331   0.02528   0.01106
   160/299     12.3G    0.0481   0.03514   0.01508   0.09833       179       640    0.3504    0.6176    0.5256    0.3333    0.0433   0.02528   0.01104
   161/299     12.3G   0.04815   0.03506   0.01504   0.09825       200       640    0.3517    0.6176    0.5257    0.3334   0.04329   0.02527   0.01103
   162/299     12.3G   0.04806   0.03511   0.01499   0.09815       225       640    0.3518    0.6188    0.5261    0.3334   0.04327   0.02527   0.01102
   163/299     12.3G    0.0481   0.03501   0.01505   0.09816       171       640      0.35     0.619    0.5259    0.3334   0.04326   0.02527   0.01102
   164/299     12.3G   0.04797    0.0351   0.01496   0.09802       252       640    0.3495    0.6181    0.5263    0.3336   0.04325   0.02526   0.01101
   165/299     12.3G   0.04808   0.03507   0.01499   0.09814       167       640    0.3507    0.6187    0.5262    0.3337   0.04323   0.02526   0.01099
   166/299     12.3G   0.04799   0.03501   0.01493   0.09793       146       640    0.3499    0.6193    0.5261    0.3339   0.04322   0.02526   0.01099
   167/299     12.3G   0.04799   0.03512   0.01492   0.09803       156       640    0.3497    0.6198    0.5269     0.334   0.04321   0.02526   0.01098
   168/299     12.3G   0.04788   0.03496   0.01484   0.09768       127       640    0.3507    0.6207    0.5272    0.3346    0.0432   0.02526   0.01096
   169/299     12.3G    0.0479   0.03497   0.01485   0.09772       166       640    0.3512    0.6199    0.5277    0.3348   0.04319   0.02525   0.01094
   170/299     12.3G   0.04795   0.03515   0.01487   0.09796       176       640    0.3517    0.6221    0.5285    0.3359   0.04317   0.02525   0.01092
   171/299     12.3G   0.04793   0.03493   0.01484    0.0977       193       640    0.3525    0.6225    0.5291    0.3363   0.04316   0.02524   0.01091
   172/299     12.3G    0.0479   0.03497   0.01479   0.09767       181       640    0.3527    0.6232    0.5301    0.3369   0.04314   0.02524    0.0109
   173/299     12.3G   0.04789   0.03502   0.01482   0.09773       207       640    0.3636    0.6245    0.5314    0.3374   0.04312   0.02523   0.01089
   174/299     12.3G    0.0478   0.03504   0.01475   0.09758       216       640    0.3624    0.6247     0.531    0.3369   0.04312   0.02523   0.01089
   175/299     12.3G   0.04776   0.03488   0.01468   0.09733       207       640    0.3637    0.6253    0.5315    0.3372   0.04311   0.02523   0.01088
   176/299     12.3G   0.04772   0.03491   0.01472   0.09736       148       640    0.3507    0.6234    0.5304    0.3373   0.04309   0.02522   0.01087
   177/299     12.3G   0.04771   0.03489   0.01467   0.09727       118       640    0.3501    0.6229    0.5305    0.3375   0.04308   0.02522   0.01085
   178/299     12.3G   0.04773   0.03504   0.01467   0.09744       187       640    0.3519     0.623    0.5304    0.3373   0.04307   0.02521   0.01084
   179/299     12.3G   0.04762   0.03485   0.01466   0.09713       199       640    0.3526    0.6235    0.5315    0.3376   0.04306   0.02521   0.01083
   180/299     12.3G   0.04759   0.03482    0.0146   0.09701       199       640    0.3528    0.6254    0.5313    0.3375   0.04305   0.02521   0.01082
   181/299     12.3G   0.04762   0.03481   0.01454   0.09697       236       640     0.353     0.626    0.5309    0.3376   0.04303   0.02521   0.01082
   182/299     12.3G   0.04762   0.03482   0.01454   0.09697       209       640    0.3529    0.6252     0.531    0.3371   0.04302    0.0252   0.01082
   183/299     12.3G   0.04754   0.03479   0.01461   0.09693       159       640    0.3523    0.6247    0.5312    0.3374     0.043   0.02519   0.01081
   184/299     12.3G   0.04755   0.03488   0.01453   0.09696       172       640    0.3656    0.6249    0.5321    0.3376     0.043   0.02518    0.0108
   185/299     12.3G   0.04747   0.03475   0.01455   0.09678       220       640    0.3658    0.6259    0.5329    0.3375   0.04299   0.02518   0.01078
   186/299     12.3G   0.04742   0.03483   0.01446   0.09671       222       640    0.3652    0.6252    0.5335     0.338   0.04298   0.02517   0.01077
   187/299     12.3G   0.04741   0.03474   0.01449   0.09664       257       640    0.3656    0.6266    0.5336    0.3386   0.04296   0.02517   0.01076
   188/299     12.3G   0.04744   0.03485   0.01449   0.09679       229       640    0.3657    0.6258    0.5335    0.3384   0.04296   0.02517   0.01076
   189/299     12.3G   0.04745   0.03479   0.01441   0.09665       151       640    0.3649     0.627    0.5339    0.3391   0.04294   0.02517   0.01075
   190/299     12.3G   0.04733   0.03476   0.01438   0.09648       160       640    0.3669     0.628    0.5343     0.339   0.04293   0.02516   0.01074
   191/299     12.3G   0.04737    0.0348   0.01438   0.09655       223       640    0.3676    0.6285    0.5343    0.3389   0.04292   0.02516   0.01073
   192/299     12.3G   0.04736   0.03485   0.01433   0.09654       194       640    0.3671    0.6278     0.535    0.3393    0.0429   0.02515   0.01071
   193/299     12.3G   0.04723   0.03459   0.01431   0.09613       198       640    0.3667    0.6277    0.5343    0.3396    0.0429   0.02514    0.0107
   194/299     12.3G   0.04729   0.03468   0.01433   0.09631       199       640    0.3662     0.628    0.5349      0.34    0.0429   0.02514    0.0107
   195/299     12.3G    0.0472   0.03461   0.01423   0.09604       225       640    0.3663    0.6292     0.535      0.34    0.0429   0.02513   0.01069
   196/299     12.3G   0.04721   0.03469   0.01421   0.09612       148       640    0.3654    0.6289    0.5355    0.3403   0.04288   0.02512   0.01068
   197/299     12.3G   0.04715   0.03468   0.01426   0.09609       154       640    0.3661     0.629    0.5363    0.3408   0.04287   0.02512   0.01068
   198/299     12.3G   0.04714   0.03475   0.01421    0.0961       189       640    0.3663    0.6291    0.5362    0.3413   0.04287   0.02511   0.01068
   199/299     12.3G   0.04709   0.03462   0.01422   0.09593       266       640    0.3667    0.6298    0.5366    0.3409   0.04286    0.0251   0.01067
   200/299     12.3G   0.04711   0.03463   0.01417   0.09592       182       640    0.3658    0.6292    0.5363     0.341   0.04286    0.0251   0.01065
   201/299     12.3G   0.04705   0.03464   0.01412   0.09581       186       640    0.3654    0.6286    0.5369    0.3416   0.04285    0.0251   0.01064
   202/299     12.3G   0.04706   0.03465   0.01411   0.09582       181       640    0.3654    0.6294    0.5369    0.3418   0.04284   0.02509   0.01063
   203/299     12.3G   0.04703   0.03456   0.01407   0.09566       162       640    0.3651    0.6306     0.537    0.3419   0.04284   0.02509   0.01062
   204/299     12.3G   0.04697   0.03456   0.01406   0.09559       163       640    0.3658    0.6312    0.5371     0.342   0.04283   0.02509   0.01062
   205/299     12.3G   0.04696    0.0345   0.01407   0.09553       142       640    0.3653    0.6309    0.5385    0.3424   0.04281   0.02509    0.0106
   206/299     12.3G   0.04694    0.0345   0.01401   0.09545       155       640    0.3653    0.6305    0.5387    0.3425   0.04279   0.02509    0.0106
   207/299     12.3G   0.04696   0.03451   0.01401   0.09548       190       640    0.3639    0.6297    0.5385     0.343   0.04278   0.02509    0.0106
   208/299     12.3G   0.04694   0.03458   0.01396   0.09547       150       640    0.3651    0.6307    0.5386     0.343   0.04277   0.02508   0.01059
   209/299     12.3G   0.04688   0.03454   0.01397   0.09539       178       640    0.3656     0.632    0.5387    0.3428   0.04275   0.02508   0.01058
   210/299     12.3G   0.04682    0.0344   0.01396   0.09518       192       640    0.3655    0.6323     0.539    0.3427   0.04274   0.02508   0.01058
   211/299     12.3G    0.0468   0.03451   0.01394   0.09525       169       640    0.3647    0.6322    0.5387    0.3428   0.04273   0.02507   0.01058
   212/299     12.3G   0.04674    0.0344   0.01388   0.09502       211       640    0.3643    0.6311    0.5389     0.343   0.04272   0.02506   0.01057
   213/299     12.3G   0.04677   0.03444   0.01387   0.09508       166       640    0.3636    0.6313    0.5391    0.3434    0.0427   0.02506   0.01056
   214/299     12.3G   0.04668    0.0344   0.01382    0.0949       174       640     0.365    0.6311    0.5398    0.3439   0.04268   0.02505   0.01057
   215/299     12.3G   0.04668   0.03439   0.01383    0.0949       165       640    0.3653    0.6304    0.5398    0.3444   0.04267   0.02504   0.01057
   216/299     12.3G   0.04663   0.03434   0.01384   0.09482       218       640    0.3655    0.6302    0.5398    0.3449   0.04267   0.02504   0.01056
   217/299     12.3G   0.04665   0.03449   0.01376    0.0949       179       640    0.3652    0.6299    0.5405     0.345   0.04266   0.02504   0.01055
   218/299     12.3G   0.04658   0.03436   0.01374   0.09468       241       640     0.364    0.6316    0.5412    0.3452   0.04264   0.02503   0.01052
   219/299     12.3G   0.04656   0.03432   0.01372    0.0946       182       640    0.3633    0.6326    0.5419    0.3455   0.04263   0.02503   0.01051
   220/299     12.3G   0.04655   0.03444   0.01369   0.09468       195       640     0.363     0.634    0.5414    0.3453   0.04262   0.02502   0.01049
   221/299     12.3G   0.04653   0.03433    0.0137   0.09455       209       640    0.3613    0.6336    0.5415    0.3452   0.04262   0.02503   0.01048
   222/299     12.3G   0.04647    0.0343   0.01361   0.09439       232       640    0.3588    0.6327    0.5414    0.3455   0.04261   0.02502   0.01047
   223/299     12.3G   0.04643   0.03427   0.01365   0.09435       227       640    0.3599    0.6339    0.5416    0.3459   0.04261   0.02502   0.01046
   224/299     12.3G   0.04646   0.03431   0.01367   0.09444       191       640    0.3602    0.6355    0.5418    0.3457   0.04259   0.02501   0.01045
   225/299     12.3G   0.04643   0.03432    0.0136   0.09435       197       640    0.3587    0.6334    0.5418    0.3465   0.04259     0.025   0.01044
   226/299     12.3G   0.04641   0.03431   0.01355   0.09428       190       640    0.3587    0.6343    0.5424    0.3467   0.04258     0.025   0.01045
   227/299     12.3G   0.04634   0.03425   0.01361    0.0942       162       640    0.3594    0.6354    0.5429    0.3468   0.04258     0.025   0.01045
   228/299     12.3G   0.04632   0.03421   0.01348   0.09401       198       640      0.36    0.6348    0.5425    0.3465   0.04258     0.025   0.01044
   229/299     12.3G   0.04636   0.03425   0.01353   0.09414       183       640    0.3603    0.6338    0.5417    0.3466   0.04258     0.025   0.01044
   230/299     12.3G   0.04623   0.03428   0.01347   0.09398       171       640    0.3611    0.6347    0.5422    0.3468   0.04258     0.025   0.01043
   231/299     12.3G   0.04628   0.03425   0.01351   0.09405       177       640    0.3612    0.6337    0.5429    0.3471   0.04257   0.02499   0.01042
   232/299     12.3G   0.04626   0.03428   0.01343   0.09397       241       640    0.3616    0.6343    0.5425    0.3464   0.04257   0.02499   0.01042
   233/299     12.3G   0.04621   0.03422   0.01342   0.09385       250       640    0.3617    0.6354    0.5432    0.3467   0.04257   0.02499   0.01042
   234/299     12.3G    0.0462   0.03411   0.01344   0.09375       161       640    0.3606    0.6352    0.5429    0.3472   0.04257   0.02499    0.0104
   235/299     12.3G   0.04613   0.03404   0.01341   0.09358       200       640    0.3612    0.6356    0.5433    0.3474   0.04256   0.02498   0.01039
   236/299     12.3G    0.0461   0.03414   0.01335    0.0936       196       640     0.364    0.6366    0.5438    0.3475   0.04255   0.02498   0.01038
   237/299     12.3G   0.04618   0.03416   0.01338   0.09372       269       640    0.3643    0.6374    0.5442    0.3475   0.04255   0.02497   0.01038
   238/299     12.3G   0.04612   0.03411   0.01328   0.09351       230       640    0.3642    0.6383    0.5444    0.3477   0.04254   0.02497   0.01038
   239/299     12.3G   0.04603   0.03409   0.01328   0.09341       170       640    0.3636    0.6382    0.5455    0.3481   0.04254   0.02497   0.01038
   240/299     12.3G   0.04606   0.03416   0.01326   0.09348       261       640    0.3631    0.6392    0.5455    0.3486   0.04253   0.02497   0.01038
   241/299     12.3G   0.04603     0.034   0.01328   0.09331       231       640    0.3637    0.6378    0.5458    0.3489   0.04252   0.02497   0.01038
   242/299     12.3G   0.04598   0.03404   0.01323   0.09325       230       640     0.365     0.638    0.5455    0.3484   0.04252   0.02497   0.01037
   243/299     12.3G   0.04605   0.03413   0.01328   0.09346       169       640     0.366     0.639    0.5461    0.3491   0.04252   0.02497   0.01036
   244/299     12.3G   0.04598   0.03411   0.01321    0.0933       187       640    0.3656     0.639    0.5461    0.3495   0.04251   0.02496   0.01035
   245/299     12.3G   0.04591   0.03412   0.01319   0.09321       210       640    0.3653    0.6384    0.5465    0.3496   0.04251   0.02495   0.01035
   246/299     12.3G   0.04592   0.03408    0.0132   0.09319       142       640    0.3662    0.6393    0.5475    0.3498    0.0425   0.02495   0.01034
   247/299     12.3G   0.04586   0.03395   0.01312   0.09292       179       640    0.3666    0.6404    0.5478      0.35    0.0425   0.02495   0.01033
   248/299     12.3G   0.04589   0.03396   0.01318   0.09303       198       640    0.3654    0.6396    0.5478    0.3501   0.04249   0.02496   0.01032
   249/299     12.3G   0.04585   0.03406   0.01311   0.09302       233       640    0.3658     0.639     0.548    0.3502   0.04248   0.02495   0.01031
   250/299     12.3G   0.04579     0.034   0.01309   0.09287       244       640    0.3656    0.6394    0.5474    0.3504   0.04248   0.02495   0.01031
   251/299     12.3G    0.0458     0.034    0.0131   0.09289       245       640    0.3651    0.6397    0.5478    0.3507   0.04248   0.02495    0.0103
   252/299     12.3G   0.04576   0.03389   0.01313   0.09278       182       640    0.3652    0.6396    0.5485    0.3511   0.04248   0.02494   0.01029
   253/299     12.3G   0.04573    0.0339   0.01308   0.09271       198       640    0.3654    0.6412    0.5491    0.3512   0.04246   0.02494   0.01029
   254/299     12.3G   0.04575   0.03383   0.01304   0.09262       178       640    0.3654    0.6416    0.5487    0.3511   0.04244   0.02494   0.01028
   255/299     12.3G   0.04574   0.03395   0.01302   0.09271       200       640    0.3655    0.6424    0.5486    0.3512   0.04243   0.02493   0.01027
   256/299     12.3G   0.04574   0.03391   0.01302   0.09267       318       640    0.3656    0.6423    0.5488     0.351   0.04244   0.02493   0.01027
   257/299     12.3G   0.04567   0.03394   0.01297   0.09258       148       640    0.3666    0.6431    0.5488    0.3515   0.04243   0.02493   0.01027
   258/299     12.3G    0.0457   0.03385   0.01302   0.09257       197       640    0.3662    0.6425    0.5482    0.3516   0.04243   0.02493   0.01028
   259/299     12.3G   0.04565   0.03384   0.01296   0.09245       145       640    0.3676    0.6434    0.5483    0.3516   0.04242   0.02492   0.01027
   260/299     12.3G   0.04558   0.03381   0.01292    0.0923       172       640    0.3687    0.6422    0.5486    0.3519   0.04241   0.02492   0.01026
   261/299     12.3G   0.04565   0.03387   0.01294   0.09246       153       640    0.3681    0.6435     0.549    0.3523   0.04241   0.02492   0.01026
   262/299     12.3G   0.04566   0.03394   0.01295   0.09255       209       640    0.3669    0.6413    0.5492    0.3526   0.04239   0.02492   0.01025
   263/299     12.3G   0.04558   0.03388   0.01291   0.09237       170       640    0.3662    0.6418    0.5494    0.3532   0.04239   0.02493   0.01025
   264/299     12.3G   0.04558   0.03381   0.01289   0.09229       235       640    0.3662    0.6409    0.5492     0.353   0.04238   0.02492   0.01024
   265/299     12.3G   0.04551   0.03374   0.01288   0.09213       150       640    0.3676    0.6417    0.5494     0.353   0.04236   0.02491   0.01023
   266/299     12.3G    0.0455   0.03381   0.01287   0.09219       188       640    0.3689    0.6425    0.5501     0.353   0.04236    0.0249   0.01022
   267/299     12.3G   0.04543   0.03381   0.01282   0.09206       198       640    0.3687    0.6437    0.5504    0.3532   0.04235    0.0249   0.01022
   268/299     12.3G   0.04551   0.03388   0.01278   0.09217       225       640     0.369     0.645    0.5504    0.3531   0.04234    0.0249   0.01021
   269/299     12.3G   0.04541   0.03373   0.01279   0.09192       176       640    0.3698    0.6436    0.5498     0.353   0.04234    0.0249   0.01021
   270/299     12.3G   0.04546   0.03376   0.01282   0.09204       267       640    0.3697    0.6443    0.5499    0.3534   0.04234    0.0249   0.01021
   271/299     12.3G   0.04546   0.03381   0.01278   0.09205       199       640    0.3684    0.6431    0.5507    0.3535   0.04234   0.02491    0.0102
   272/299     12.3G   0.04545   0.03374    0.0128   0.09199       237       640    0.3687     0.643    0.5501    0.3536   0.04233   0.02491    0.0102
   273/299     12.3G   0.04544    0.0338   0.01278   0.09202       156       640    0.3684    0.6432    0.5502    0.3538   0.04233   0.02491    0.0102
   274/299     12.3G   0.04547   0.03374   0.01276   0.09197       178       640    0.3665    0.6422    0.5498    0.3535   0.04232   0.02491    0.0102
   275/299     12.3G   0.04539   0.03377   0.01273   0.09188       173       640    0.3676    0.6427    0.5501    0.3536    0.0423   0.02491    0.0102
   276/299     12.3G   0.04538    0.0338   0.01275   0.09193       213       640    0.3677    0.6428    0.5503    0.3534    0.0423    0.0249   0.01019
   277/299     12.3G   0.04541   0.03375   0.01273   0.09189       230       640    0.3687    0.6428    0.5501    0.3534   0.04229   0.02491   0.01019
   278/299     12.3G   0.04535   0.03364   0.01269   0.09168       223       640    0.3684    0.6437    0.5501     0.353    0.0423    0.0249   0.01018
   279/299     12.3G   0.04536   0.03369   0.01271   0.09175       167       640    0.3683    0.6435      0.55    0.3529    0.0423    0.0249   0.01017
   280/299     12.3G   0.04533   0.03381   0.01272   0.09186       141       640     0.368     0.645    0.5503    0.3529   0.04229    0.0249   0.01016
   281/299     12.3G   0.04538   0.03372   0.01272   0.09181       176       640    0.3673    0.6443    0.5505    0.3536   0.04229    0.0249   0.01016
   282/299     12.3G   0.04531   0.03356   0.01266   0.09153       289       640    0.3678    0.6444    0.5511    0.3539   0.04228    0.0249   0.01017
   283/299     12.3G   0.04531   0.03379   0.01266   0.09176       147       640    0.3686    0.6449    0.5519    0.3547   0.04227   0.02489   0.01017
   284/299     12.3G   0.04532   0.03366   0.01269   0.09167       184       640    0.3687     0.644    0.5516    0.3542   0.04227   0.02489   0.01017
   285/299     12.3G   0.04516   0.03363   0.01263   0.09142       186       640    0.3668    0.6421    0.5515    0.3543   0.04227   0.02489   0.01017
   286/299     12.3G   0.04528   0.03365   0.01264   0.09157       142       640    0.3678    0.6439    0.5521    0.3547   0.04227   0.02489   0.01016
   287/299     12.3G   0.04532   0.03378   0.01267   0.09176       187       640     0.368    0.6425    0.5515    0.3544   0.04227   0.02488   0.01017
   288/299     12.3G   0.04529   0.03375   0.01261   0.09165       158       640    0.3684     0.643    0.5503    0.3538   0.04227   0.02488   0.01017
   289/299     12.3G   0.04521    0.0336   0.01261   0.09143       195       640    0.3676    0.6432      0.55    0.3541   0.04226   0.02487   0.01018
   290/299     12.3G   0.04535    0.0337   0.01267   0.09171       128       640    0.3677     0.644    0.5503    0.3535   0.04225   0.02488   0.01018
   291/299     12.3G   0.04523   0.03356   0.01262   0.09141       222       640     0.367    0.6422    0.5504    0.3536   0.04224   0.02487   0.01017
   292/299     12.3G   0.04518   0.03372   0.01259   0.09149       187       640    0.3665    0.6414    0.5502    0.3535   0.04224   0.02487   0.01017
   293/299     12.3G   0.04517   0.03369   0.01259   0.09145       196       640    0.3661    0.6425    0.5507    0.3538   0.04223   0.02488   0.01017
   294/299     12.3G   0.04523   0.03362   0.01259   0.09144       227       640    0.3664    0.6423    0.5506    0.3539   0.04222   0.02488   0.01017
   295/299     12.3G   0.04522   0.03369   0.01259   0.09149       154       640    0.3669    0.6435    0.5509    0.3546   0.04222   0.02488   0.01017
   296/299     12.3G   0.04521   0.03373   0.01262   0.09156       186       640    0.3669    0.6448    0.5514    0.3543   0.04222   0.02488   0.01016
   297/299     12.3G   0.04519   0.03356   0.01256   0.09131       168       640    0.3667    0.6435    0.5511    0.3544   0.04222   0.02489   0.01015
   298/299     12.3G   0.04523   0.03357   0.01263   0.09142       209       640    0.3666     0.644    0.5519     0.355   0.04223   0.02489   0.01017
   299/299     12.3G    0.0452   0.03366   0.01257   0.09143       191       640    0.3647    0.6438    0.5514    0.3547   0.04224   0.02489   0.01017
