     0/299     13.4G   0.09085   0.03995   0.05053    0.1813       137       640  0.004613   0.00618  0.004519  0.001566     0.073   0.03495   0.04633
     1/299     14.2G   0.07184    0.0384   0.04392    0.1542        76       640    0.1278   0.04854   0.04235   0.02027   0.06178   0.03157   0.03754
     2/299     14.2G   0.06607   0.03724   0.03681    0.1401       103       640    0.2461     0.183    0.1315   0.06857   0.05536   0.02998   0.02824
     3/299     14.2G   0.06165   0.03597   0.03073    0.1284        87       640    0.2699    0.3129    0.2351    0.1352   0.05077   0.02868   0.02249
     4/299     14.2G   0.05865    0.0351   0.02691    0.1207        63       640     0.264    0.4095    0.3117    0.1887   0.04805   0.02782    0.0193
     5/299     14.2G   0.05675   0.03428   0.02469    0.1157       121       640    0.2866    0.4616    0.3594     0.224   0.04638   0.02724   0.01741
     6/299     14.2G   0.05543   0.03392    0.0232    0.1126        55       640    0.2947    0.4903    0.3883    0.2447   0.04529   0.02686   0.01628
     7/299     14.2G   0.05449    0.0336   0.02203    0.1101        85       640    0.2948    0.5065    0.4073    0.2587   0.04458   0.02659   0.01559
     8/299     14.2G   0.05371   0.03328   0.02135    0.1083       107       640    0.3106    0.5186    0.4212    0.2691   0.04409   0.02639   0.01513
     9/299     14.2G   0.05311   0.03315   0.02061    0.1069       111       640    0.3226    0.5249    0.4314    0.2767   0.04373   0.02623   0.01477
    10/299     14.2G   0.05251    0.0329   0.02017    0.1056        95       640    0.3364     0.527    0.4399    0.2832   0.04342    0.0261   0.01447
    11/299     14.2G   0.05212   0.03278   0.01976    0.1047        75       640    0.3501    0.5265    0.4476    0.2885   0.04316     0.026   0.01419
    12/299     14.2G   0.05174   0.03268   0.01929    0.1037       108       640    0.3761    0.5286     0.455    0.2937   0.04292   0.02592   0.01394
    13/299     14.2G    0.0514   0.03235   0.01902    0.1028        87       640    0.3868    0.5287    0.4615    0.2986   0.04268   0.02586   0.01369
    14/299     14.2G   0.05112   0.03228   0.01885    0.1023        69       640    0.3982    0.5309    0.4681    0.3033   0.04244   0.02582   0.01344
    15/299     14.2G   0.05092   0.03212   0.01857    0.1016       148       640    0.4074    0.5329    0.4751    0.3087    0.0422   0.02577    0.0132
    16/299     14.2G   0.05064   0.03213   0.01822     0.101        73       640    0.4195    0.5358    0.4819    0.3143   0.04196   0.02572   0.01297
    17/299     14.2G   0.05044     0.032   0.01817    0.1006        91       640    0.4245    0.5396    0.4892    0.3196   0.04171   0.02565   0.01273
    18/299     14.2G   0.05022   0.03193   0.01793    0.1001       113       640    0.4306    0.5449    0.4963    0.3258   0.04145   0.02557   0.01249
    19/299     14.2G   0.05011   0.03177   0.01781   0.09969        81       640    0.4365    0.5507    0.5028    0.3312    0.0412   0.02548   0.01228
    20/299     14.2G   0.04988   0.03175   0.01767    0.0993        97       640    0.4379    0.5572      0.51    0.3369   0.04095   0.02538   0.01206
    21/299     14.2G   0.04973   0.03183   0.01751   0.09907       122       640    0.4418    0.5652    0.5166    0.3422   0.04069   0.02527   0.01185
    22/299     14.2G    0.0495   0.03161   0.01729    0.0984        76       640    0.4419    0.5729     0.523    0.3473   0.04044   0.02515   0.01164
    23/299     14.2G    0.0494   0.03172   0.01726   0.09837       160       640    0.4413    0.5802     0.529    0.3523   0.04021   0.02503   0.01145
    24/299     14.2G   0.04922   0.03145   0.01718   0.09786       101       640    0.4399    0.5876    0.5346    0.3568      0.04   0.02491   0.01128
    25/299     14.2G   0.04909   0.03149   0.01708   0.09765       139       640    0.4376    0.5941      0.54    0.3611   0.03979   0.02479   0.01113
    26/299     14.2G   0.04905   0.03153   0.01701   0.09759       106       640    0.4353    0.6021    0.5441    0.3643    0.0396   0.02469   0.01099
    27/299     14.2G   0.04892   0.03139    0.0169   0.09721        78       640    0.4317    0.6084    0.5483    0.3683   0.03941   0.02458   0.01085
    28/299     14.2G   0.04883   0.03141   0.01681   0.09706       116       640    0.4299    0.6145    0.5526    0.3719   0.03924   0.02449   0.01073
    29/299     14.2G   0.04883   0.03133   0.01676   0.09692        95       640    0.4281    0.6198    0.5558    0.3751   0.03908    0.0244   0.01061
    30/299     14.2G   0.04873   0.03121    0.0167   0.09663       150       640     0.425    0.6239    0.5591    0.3778   0.03892   0.02433    0.0105
    31/299     14.2G   0.04865   0.03134   0.01658   0.09657       130       640    0.4212    0.6283    0.5624    0.3805   0.03878   0.02425    0.0104
    32/299     14.2G   0.04848    0.0312    0.0165   0.09618        67       640    0.4204    0.6333    0.5658    0.3833   0.03864   0.02417   0.01031
    33/299     14.2G   0.04848   0.03116   0.01643   0.09607       110       640    0.4188    0.6375    0.5688    0.3861   0.03851   0.02411   0.01022
    34/299     14.2G   0.04835   0.03115   0.01634   0.09584        68       640    0.4167    0.6409    0.5708    0.3883   0.03841   0.02405   0.01014
    35/299     14.2G   0.04831   0.03102   0.01635   0.09569       133       640    0.4145    0.6445    0.5736      0.39   0.03831   0.02399   0.01006
    36/299     14.2G   0.04824   0.03105    0.0163   0.09559       145       640    0.4122    0.6471    0.5759    0.3922   0.03821   0.02394  0.009984
    37/299     14.2G   0.04816   0.03115   0.01619   0.09549       128       640    0.4111    0.6498    0.5777     0.394   0.03812   0.02389  0.009919
    38/299     14.2G   0.04814   0.03117   0.01624   0.09555       150       640    0.4089    0.6516    0.5796    0.3961   0.03803   0.02385  0.009863
    39/299     14.2G   0.04811   0.03104   0.01619   0.09534        88       640    0.4076    0.6556    0.5818    0.3978   0.03794   0.02381  0.009808
    40/299     14.2G   0.04796   0.03097   0.01599   0.09492       129       640    0.4063    0.6577     0.584    0.3996   0.03786   0.02378  0.009759
    41/299     14.2G   0.04797   0.03112   0.01602   0.09511       125       640    0.4042    0.6607    0.5858    0.4009   0.03778   0.02375  0.009712
    42/299     14.2G   0.04783   0.03098   0.01596   0.09477        62       640     0.403    0.6627    0.5873    0.4022    0.0377   0.02372  0.009664
    43/299     14.2G    0.0478   0.03093   0.01595   0.09468       114       640    0.4023    0.6661    0.5889    0.4039   0.03763   0.02369  0.009613
    44/299     14.2G   0.04771   0.03075   0.01596   0.09443       106       640    0.4009    0.6679    0.5906    0.4051   0.03756   0.02367  0.009563
    45/299     14.2G   0.04776   0.03072   0.01593   0.09441        72       640    0.4001    0.6691    0.5916    0.4065    0.0375   0.02365  0.009519
    46/299     14.2G   0.04763   0.03081   0.01578   0.09423        93       640    0.3995    0.6705    0.5928    0.4075   0.03744   0.02362   0.00948
    47/299     14.2G   0.04755   0.03077   0.01576   0.09408        80       640    0.3992    0.6722    0.5947    0.4086   0.03738    0.0236  0.009441
    48/299     14.2G   0.04759   0.03086   0.01579   0.09424        95       640    0.3979    0.6743     0.596      0.41   0.03733   0.02357  0.009405
    49/299     14.2G   0.04743   0.03073   0.01563    0.0938        97       640    0.3977    0.6767    0.5971    0.4114   0.03728   0.02355  0.009369
    50/299     14.2G   0.04736   0.03078   0.01563   0.09376       152       640    0.3972    0.6776     0.598     0.412   0.03723   0.02354   0.00933
    51/299     14.2G   0.04735   0.03068    0.0156   0.09363       166       640    0.3967    0.6786     0.599    0.4124   0.03718   0.02352  0.009295
    52/299     14.2G   0.04739    0.0306   0.01564   0.09362        54       640    0.3965    0.6811    0.6001    0.4135   0.03714    0.0235  0.009262
    53/299     14.2G   0.04719   0.03072   0.01551   0.09343       131       640    0.3974    0.6831    0.6022    0.4148   0.03709   0.02348  0.009228
    54/299     14.2G   0.04723   0.03052   0.01557   0.09331       160       640    0.3966    0.6831    0.6025    0.4156   0.03704   0.02346  0.009197
    55/299     14.2G   0.04714   0.03061   0.01548   0.09323       175       640    0.3965    0.6855    0.6038    0.4165     0.037   0.02344  0.009167
    56/299     14.2G   0.04716   0.03043   0.01547   0.09306       116       640    0.4091     0.688    0.6057     0.418   0.03696   0.02343  0.009135
    57/299     14.2G   0.04697   0.03051   0.01532   0.09279        91       640    0.3966    0.6875    0.6059    0.4182   0.03692   0.02342  0.009106
    58/299     14.2G    0.0471   0.03051   0.01543   0.09304       128       640    0.3959    0.6884    0.6067    0.4187   0.03689   0.02341  0.009077
    59/299     14.2G   0.04699   0.03055   0.01532   0.09285        88       640    0.4076    0.6912    0.6083    0.4201   0.03686    0.0234   0.00905
    60/299     14.2G   0.04696   0.03062    0.0153   0.09288       107       640    0.4073    0.6915    0.6093    0.4208   0.03682   0.02339   0.00903
    61/299     14.2G   0.04691   0.03058   0.01526   0.09275       101       640     0.394    0.6919    0.6093    0.4209   0.03678   0.02338  0.009004
    62/299     14.2G   0.04679   0.03043   0.01521   0.09243       103       640    0.4071    0.6952     0.611    0.4227   0.03673   0.02337  0.008979
    63/299     14.2G   0.04687   0.03053   0.01522   0.09262       111       640    0.4072    0.6967    0.6122    0.4232   0.03668   0.02335  0.008945
    64/299     14.2G   0.04674    0.0305   0.01518   0.09241       118       640    0.4051    0.6971    0.6123    0.4239   0.03664   0.02334  0.008909
    65/299     14.2G   0.04676   0.03041   0.01516   0.09232       112       640    0.4049    0.6972    0.6129    0.4243   0.03661   0.02334  0.008878
    66/299     14.2G   0.04671    0.0304   0.01515   0.09227       123       640    0.4061    0.6988    0.6141    0.4249   0.03658   0.02332   0.00885
    67/299     14.2G   0.04683   0.03044   0.01514   0.09241        92       640    0.4059    0.6987    0.6149    0.4255   0.03656   0.02331  0.008831
    68/299     14.2G   0.04663   0.03046   0.01501    0.0921       146       640    0.4054    0.6999    0.6156    0.4268   0.03654    0.0233  0.008805
    69/299     14.2G   0.04672   0.03058   0.01508   0.09238       164       640    0.4056    0.7003    0.6167    0.4274   0.03652   0.02329  0.008791
    70/299     14.2G   0.04654    0.0304   0.01503   0.09197       161       640    0.4059    0.7004    0.6173    0.4282    0.0365   0.02328  0.008778
    71/299     14.2G   0.04657   0.03023   0.01497   0.09176        63       640    0.4055    0.7016    0.6176    0.4287   0.03647   0.02327  0.008763
    72/299     14.2G   0.04661   0.03042   0.01494   0.09197        80       640    0.4053    0.7025    0.6186    0.4294   0.03644   0.02326  0.008743
    73/299     14.2G   0.04643   0.03028   0.01491   0.09162       145       640    0.4043    0.7029     0.619    0.4297   0.03641   0.02326  0.008725
    74/299     14.2G   0.04638   0.03019   0.01483   0.09141        90       640    0.4049    0.7044    0.6202    0.4305   0.03638   0.02325  0.008706
    75/299     14.2G   0.04629   0.03028    0.0148   0.09137       101       640     0.406    0.7062    0.6214    0.4314   0.03635   0.02323  0.008693
    76/299     14.2G    0.0464    0.0302   0.01487   0.09147       140       640    0.4054    0.7058    0.6222    0.4314   0.03632   0.02323  0.008679
    77/299     14.2G   0.04644   0.03046   0.01483   0.09174       143       640    0.4065    0.7072    0.6222    0.4314    0.0363   0.02322  0.008657
    78/299     14.2G   0.04625   0.03027   0.01472   0.09124        95       640    0.4079    0.7071    0.6229     0.432   0.03628   0.02321  0.008631
    79/299     14.2G   0.04616    0.0303   0.01469   0.09116        47       640    0.4071    0.7077    0.6234    0.4326   0.03626    0.0232  0.008606
    80/299     14.2G   0.04616   0.03021   0.01464   0.09101        59       640    0.4073    0.7084    0.6242    0.4336   0.03622    0.0232  0.008593
    81/299     14.2G   0.04616   0.03005   0.01472   0.09094       103       640     0.407    0.7071    0.6244     0.434    0.0362   0.02319  0.008581
    82/299     14.2G   0.04611   0.03022    0.0147   0.09102        90       640    0.4063    0.7084    0.6248    0.4342   0.03619   0.02318   0.00857
    83/299     14.2G   0.04616    0.0301   0.01464    0.0909       103       640    0.4071    0.7103    0.6251    0.4347   0.03618   0.02317  0.008559
    84/299     14.2G   0.04615   0.03014   0.01472   0.09101        83       640    0.4069    0.7113    0.6252    0.4348   0.03618   0.02317  0.008547
    85/299     14.2G   0.04608   0.03013   0.01458    0.0908       116       640    0.4062    0.7109    0.6257    0.4353   0.03616   0.02316  0.008535
    86/299     14.2G   0.04611   0.03002   0.01466   0.09079       136       640    0.4062    0.7116    0.6265    0.4352   0.03614   0.02316  0.008521
    87/299     14.2G   0.04602   0.03009   0.01465   0.09077        93       640    0.4048    0.7124    0.6268    0.4355   0.03613   0.02315  0.008509
    88/299     14.2G     0.046   0.03007   0.01458   0.09064        98       640    0.4043    0.7117    0.6271    0.4361   0.03611   0.02314  0.008492
    89/299     14.2G   0.04586   0.03019   0.01444   0.09049        99       640    0.4047     0.713    0.6274     0.436   0.03609   0.02313  0.008478
    90/299     14.2G    0.0459   0.03001    0.0145   0.09041       144       640    0.4057    0.7144    0.6281     0.437   0.03607   0.02313  0.008468
    91/299     14.2G   0.04592   0.02993   0.01444   0.09029       125       640    0.4054    0.7156    0.6289    0.4373   0.03604   0.02312  0.008451
    92/299     14.2G   0.04584   0.03019   0.01432   0.09035        52       640    0.4059    0.7168    0.6297    0.4383   0.03602   0.02311  0.008427
    93/299     14.2G   0.04572    0.0299   0.01436   0.08998       150       640    0.4054    0.7178      0.63    0.4392     0.036   0.02309  0.008406
    94/299     14.2G   0.04575   0.03012   0.01433    0.0902        77       640    0.4049    0.7181    0.6302     0.439   0.03598   0.02307  0.008389
    95/299     14.2G   0.04573   0.03009   0.01434   0.09016       122       640    0.4025    0.7187    0.6306    0.4398   0.03595   0.02306  0.008369
    96/299     14.2G   0.04573   0.02986   0.01429   0.08989        83       640    0.4021    0.7196     0.631    0.4403   0.03593   0.02306   0.00835
    97/299     14.2G   0.04556   0.02985   0.01424   0.08965       145       640    0.4043    0.7202    0.6317    0.4403   0.03592   0.02305  0.008335
    98/299     14.2G   0.04558   0.02999   0.01421   0.08978        47       640    0.4041    0.7208    0.6324    0.4408    0.0359   0.02305  0.008328
    99/299     14.2G   0.04561   0.02989   0.01421   0.08971       107       640    0.4033    0.7212     0.632    0.4415   0.03588   0.02304  0.008325
   100/299     14.2G   0.04549   0.02995   0.01425   0.08969        85       640    0.4029    0.7225    0.6322    0.4415   0.03587   0.02304  0.008309
   101/299     14.2G   0.04551   0.02984   0.01425    0.0896        83       640    0.4035    0.7238    0.6328    0.4415   0.03584   0.02304  0.008293
   102/299     14.2G    0.0455   0.02963   0.01419   0.08931        81       640    0.4033    0.7247     0.634    0.4424   0.03581   0.02304  0.008277
   103/299     14.2G   0.04549   0.02974   0.01417    0.0894        84       640    0.4028    0.7248    0.6342    0.4424   0.03579   0.02303  0.008272
   104/299     14.2G   0.04553   0.02984   0.01419   0.08956       102       640    0.4022    0.7246    0.6342    0.4426   0.03576   0.02303  0.008265
   105/299     14.2G   0.04548   0.02976   0.01416    0.0894       109       640    0.4027    0.7243    0.6349    0.4427   0.03573   0.02302  0.008245
   106/299     14.2G   0.04546   0.02995   0.01411   0.08952       153       640    0.4017    0.7251     0.636    0.4435   0.03571   0.02301  0.008227
   107/299     14.2G   0.04542   0.02992   0.01405   0.08939       156       640    0.4005    0.7252    0.6361    0.4441   0.03568     0.023  0.008215
   108/299     14.2G   0.04531   0.02983   0.01408   0.08921        58       640    0.4002    0.7263    0.6365     0.444   0.03566   0.02299  0.008207
   109/299     14.2G   0.04522   0.02971   0.01394   0.08887       147       640    0.3992    0.7242    0.6364    0.4439   0.03565   0.02298  0.008189
   110/299     14.2G   0.04528   0.02968     0.014   0.08896       143       640    0.3986    0.7249    0.6365    0.4439   0.03564   0.02298  0.008175
   111/299     14.2G    0.0453   0.02983   0.01395   0.08909        66       640    0.3995    0.7259    0.6371    0.4445   0.03562   0.02297  0.008156
   112/299     14.2G   0.04517   0.02976   0.01394   0.08888       181       640    0.3997    0.7273    0.6377    0.4451    0.0356   0.02297  0.008135
   113/299     14.2G   0.04518   0.02979   0.01392   0.08888       123       640     0.399    0.7267     0.638    0.4456   0.03559   0.02296  0.008125
   114/299     14.2G   0.04519   0.02963   0.01389    0.0887       125       640    0.3999    0.7272    0.6386    0.4463   0.03558   0.02295  0.008114
   115/299     14.2G   0.04512   0.02978   0.01384   0.08875       142       640     0.401    0.7279    0.6387    0.4467   0.03555   0.02294  0.008105
   116/299     14.2G   0.04505   0.02971   0.01374    0.0885       118       640    0.3998    0.7293    0.6391    0.4475   0.03553   0.02293  0.008091
   117/299     14.2G   0.04507   0.02967   0.01379   0.08853        87       640    0.3988    0.7291    0.6393    0.4479   0.03553   0.02292  0.008075
   118/299     14.2G   0.04503   0.02969   0.01377   0.08849       183       640    0.3993    0.7298    0.6402    0.4478   0.03551   0.02292  0.008057
   119/299     14.2G   0.04487   0.02965   0.01369   0.08821       101       640    0.3989    0.7298     0.641    0.4488   0.03549   0.02291  0.008039
   120/299     14.2G   0.04477   0.02954   0.01365   0.08796       158       640    0.4005    0.7317    0.6414    0.4487   0.03548    0.0229   0.00802
   121/299     14.2G   0.04493   0.02959   0.01369   0.08821       109       640    0.4008     0.731    0.6415    0.4487   0.03547    0.0229  0.008018
   122/299     14.2G   0.04482   0.02962   0.01363   0.08808       164       640     0.401    0.7307    0.6416    0.4486   0.03547   0.02289  0.008021
   123/299     14.2G   0.04483   0.02955   0.01364   0.08802        93       640    0.4012      0.73    0.6418    0.4486   0.03546   0.02289  0.008017
   124/299     14.2G   0.04478   0.02962   0.01359   0.08798        86       640    0.4018    0.7302    0.6421     0.449   0.03544   0.02288  0.008004
   125/299     14.2G   0.04488    0.0297   0.01365   0.08823        86       640    0.4015    0.7316    0.6418    0.4493   0.03542   0.02288  0.007993
   126/299     14.2G   0.04487   0.02963   0.01364   0.08814       116       640    0.4015    0.7314    0.6417    0.4495   0.03542   0.02287  0.007978
   127/299     14.2G   0.04473   0.02947   0.01355   0.08775       105       640    0.4027    0.7326    0.6425      0.45   0.03541   0.02286  0.007964
   128/299     14.2G   0.04472   0.02972   0.01364   0.08808       143       640    0.4026    0.7339    0.6428    0.4506    0.0354   0.02285  0.007952
   129/299     14.2G   0.04467    0.0296   0.01348   0.08775       129       640    0.4029    0.7337     0.643    0.4509   0.03539   0.02284  0.007941
   130/299     14.2G   0.04455   0.02939   0.01345   0.08739       141       640    0.4021    0.7333    0.6433     0.451   0.03538   0.02284  0.007928
   131/299     14.2G   0.04458   0.02959   0.01346   0.08763       118       640    0.4029    0.7333    0.6437    0.4511   0.03536   0.02284  0.007921
   132/299     14.2G   0.04455   0.02954   0.01341    0.0875       147       640    0.4022    0.7336    0.6438    0.4515   0.03534   0.02283  0.007911
   133/299     14.2G   0.04451    0.0294   0.01341   0.08732        37       640    0.4023    0.7329    0.6444    0.4518   0.03532   0.02283  0.007898
   134/299     14.2G   0.04439   0.02943   0.01337   0.08719       127       640    0.4024    0.7348    0.6449     0.452   0.03529   0.02283   0.00788
   135/299     14.2G   0.04447   0.02946   0.01334   0.08728       112       640    0.4024    0.7343    0.6448    0.4528   0.03527   0.02283  0.007869
   136/299     14.2G   0.04448   0.02948   0.01331   0.08727       136       640     0.402    0.7351    0.6449     0.453   0.03524   0.02282  0.007854
   137/299     14.2G   0.04432   0.02954   0.01332   0.08718        64       640    0.4012    0.7354    0.6456     0.453   0.03523   0.02282  0.007839
   138/299     14.2G    0.0443   0.02943   0.01322   0.08695       136       640    0.4017    0.7368    0.6456    0.4531   0.03521    0.0228  0.007828
   139/299     14.2G   0.04431   0.02938   0.01321    0.0869        91       640    0.4012    0.7365    0.6462    0.4538    0.0352    0.0228  0.007826
   140/299     14.2G   0.04437   0.02941    0.0132   0.08699       171       640    0.4011    0.7366    0.6468    0.4545   0.03519   0.02279  0.007817
   141/299     14.2G   0.04424   0.02929   0.01322   0.08675       120       640    0.4008    0.7376    0.6472    0.4549   0.03518   0.02279  0.007808
   142/299     14.2G   0.04423   0.02926   0.01323   0.08673        90       640    0.4008    0.7363    0.6474    0.4552   0.03516   0.02278  0.007795
   143/299     14.2G   0.04417   0.02931   0.01309   0.08658        81       640    0.4017    0.7378    0.6483    0.4555   0.03514   0.02277  0.007779
   144/299     14.2G   0.04408   0.02936   0.01315   0.08659       114       640    0.4023    0.7387    0.6481    0.4558   0.03512   0.02277  0.007762
   145/299     14.2G   0.04408   0.02939    0.0131   0.08657        54       640    0.4021     0.739    0.6484    0.4561   0.03511   0.02277  0.007747
   146/299     14.2G   0.04411    0.0293   0.01302   0.08644       117       640     0.402    0.7396    0.6485    0.4563   0.03511   0.02277  0.007732
   147/299     14.2G   0.04407   0.02923     0.013    0.0863        99       640    0.4022      0.74    0.6495    0.4567    0.0351   0.02276  0.007724
   148/299     14.2G   0.04394   0.02921   0.01297   0.08612        85       640    0.4017    0.7403    0.6503    0.4572   0.03509   0.02274  0.007713
   149/299     14.2G   0.04396   0.02914   0.01301    0.0861        95       640    0.4015    0.7424    0.6508    0.4578   0.03507   0.02274  0.007697
   150/299     14.2G   0.04397   0.02922   0.01296   0.08615       107       640    0.4011    0.7427     0.651    0.4582   0.03505   0.02273  0.007686
   151/299     14.2G   0.04384   0.02906   0.01293   0.08582       128       640    0.4016    0.7433    0.6517    0.4585   0.03502   0.02271  0.007673
   152/299     14.2G   0.04389    0.0293   0.01288   0.08608        87       640    0.4016    0.7425    0.6519    0.4585     0.035    0.0227  0.007668
   153/299     14.2G    0.0438   0.02911   0.01282   0.08573        38       640    0.4016    0.7427    0.6524     0.459   0.03499   0.02269  0.007658
   154/299     14.2G   0.04377   0.02915   0.01288   0.08579        89       640    0.4012    0.7428    0.6519    0.4595   0.03497   0.02268  0.007649
   155/299     14.2G   0.04366   0.02901   0.01277   0.08545        94       640    0.4018    0.7442    0.6528    0.4595   0.03495   0.02267  0.007637
   156/299     14.2G    0.0437   0.02902   0.01284   0.08556       154       640    0.4017    0.7439    0.6528    0.4596   0.03493   0.02266  0.007634
   157/299     14.2G   0.04372   0.02905   0.01272    0.0855        85       640    0.4026    0.7446    0.6532    0.4596   0.03492   0.02266  0.007621
   158/299     14.2G   0.04366   0.02901   0.01271   0.08539       113       640     0.403    0.7448    0.6535    0.4599   0.03491   0.02266  0.007615
   159/299     14.2G   0.04371   0.02901   0.01269   0.08541        76       640    0.4023    0.7438    0.6534    0.4605   0.03489   0.02265  0.007601
   160/299     14.2G   0.04351   0.02885    0.0127   0.08507        81       640    0.4025    0.7442    0.6535    0.4607   0.03488   0.02265  0.007596
   161/299     14.2G   0.04354   0.02893   0.01259   0.08506       174       640    0.4034    0.7443     0.654    0.4612   0.03487   0.02265  0.007589
   162/299     14.2G   0.04351   0.02888   0.01262     0.085        86       640     0.404    0.7451    0.6539     0.461   0.03486   0.02265  0.007586
   163/299     14.2G   0.04342   0.02898   0.01262   0.08502        92       640    0.4034    0.7444    0.6544    0.4615   0.03485   0.02264  0.007583
   164/299     14.2G   0.04337   0.02902    0.0125   0.08489        63       640    0.4039    0.7466    0.6547    0.4616   0.03485   0.02263   0.00757
   165/299     14.2G   0.04335    0.0288   0.01253   0.08468       114       640    0.4056    0.7477    0.6549    0.4613   0.03484   0.02263  0.007548
   166/299     14.2G    0.0433   0.02883   0.01251   0.08464       135       640    0.4045    0.7478    0.6555    0.4621   0.03483   0.02263  0.007534
   167/299     14.2G   0.04333   0.02871   0.01243   0.08448       136       640    0.4052    0.7468    0.6557    0.4626   0.03482   0.02263  0.007524
   168/299     14.2G   0.04326    0.0289   0.01249   0.08464       191       640    0.4052    0.7477    0.6558    0.4629    0.0348   0.02263  0.007523
   169/299     14.2G   0.04334   0.02882   0.01244    0.0846       126       640    0.4061     0.748    0.6561     0.463   0.03478   0.02263  0.007523
   170/299     14.2G   0.04322   0.02888   0.01245   0.08456        62       640    0.4055     0.748    0.6562    0.4631   0.03477   0.02263  0.007516
   171/299     14.2G    0.0432   0.02889    0.0124   0.08448       106       640    0.4051    0.7479    0.6566    0.4636   0.03475   0.02264  0.007505
   172/299     14.2G   0.04314   0.02887   0.01233   0.08434        96       640    0.4048    0.7481     0.657    0.4636   0.03474   0.02263   0.00749
   173/299     14.2G   0.04315   0.02883   0.01229   0.08426       122       640     0.406    0.7476    0.6577    0.4641   0.03472   0.02262  0.007479
   174/299     14.2G   0.04302   0.02869   0.01224   0.08395        94       640    0.4067    0.7473    0.6579    0.4649    0.0347   0.02261  0.007468
   175/299     14.2G   0.04306   0.02871   0.01229   0.08406       190       640     0.408    0.7487    0.6583    0.4648    0.0347   0.02261  0.007461
   176/299     14.2G   0.04301   0.02864   0.01227   0.08392       127       640     0.408    0.7487     0.659    0.4656    0.0347   0.02261  0.007461
   177/299     14.2G   0.04299   0.02868   0.01217   0.08385        87       640    0.4085    0.7488    0.6592    0.4654    0.0347   0.02261   0.00745
   178/299     14.2G   0.04295   0.02867   0.01223   0.08385       106       640    0.4097    0.7487    0.6591    0.4653   0.03468   0.02261  0.007448
   179/299     14.2G   0.04291   0.02863   0.01215   0.08368       152       640    0.4098    0.7488    0.6598    0.4658   0.03466   0.02259  0.007435
   180/299     14.2G    0.0428   0.02864   0.01213   0.08357        94       640    0.4085    0.7495    0.6599     0.466   0.03465   0.02258  0.007414
   181/299     14.2G   0.04288    0.0288   0.01214   0.08382       128       640    0.4086    0.7498    0.6603    0.4666   0.03463   0.02256  0.007402
   182/299     14.2G   0.04265   0.02849   0.01206   0.08319       163       640    0.4079    0.7509    0.6612    0.4672   0.03463   0.02256    0.0074
   183/299     14.2G   0.04269   0.02859   0.01206   0.08334        86       640    0.4066    0.7507    0.6612    0.4679   0.03462   0.02256  0.007394
   184/299     14.2G   0.04266   0.02862   0.01205   0.08334       151       640    0.4057    0.7512    0.6614     0.468   0.03463   0.02256  0.007385
   185/299     14.2G   0.04258   0.02846   0.01191   0.08295       153       640    0.4056    0.7527    0.6625    0.4687   0.03462   0.02255  0.007378
   186/299     14.2G    0.0427   0.02861   0.01206   0.08337        90       640    0.4193    0.7539    0.6635    0.4698    0.0346   0.02254  0.007366
   187/299     14.2G   0.04264   0.02841   0.01201   0.08306        95       640    0.4194    0.7538    0.6637    0.4697    0.0346   0.02254  0.007354
   188/299     14.2G   0.04252    0.0286   0.01185   0.08297       102       640    0.4203    0.7545    0.6641      0.47   0.03459   0.02253  0.007347
   189/299     14.2G   0.04242   0.02838   0.01185   0.08265        60       640    0.4209    0.7554    0.6645    0.4701   0.03458   0.02251  0.007332
   190/299     14.2G    0.0425   0.02851   0.01182   0.08283       103       640      0.42    0.7563     0.665    0.4703   0.03456    0.0225  0.007316
   191/299     14.2G    0.0424   0.02823    0.0118   0.08243       117       640    0.4184    0.7565    0.6648    0.4705   0.03455    0.0225  0.007304
   192/299     14.2G   0.04248   0.02838    0.0118   0.08266        65       640    0.4145     0.756    0.6649    0.4701   0.03455    0.0225  0.007301
   193/299     14.2G   0.04237   0.02839   0.01177   0.08253        73       640    0.4123    0.7562    0.6647    0.4707   0.03454   0.02249  0.007293
   194/299     14.2G   0.04231   0.02837   0.01167   0.08236        63       640    0.4145    0.7574    0.6659    0.4708   0.03452   0.02249  0.007283
   195/299     14.2G   0.04228   0.02812   0.01176   0.08215       105       640    0.4163    0.7568    0.6662    0.4706    0.0345   0.02248   0.00728
   196/299     14.2G   0.04223   0.02816    0.0117   0.08209        87       640    0.4174    0.7568    0.6665    0.4707   0.03448   0.02248  0.007273
   197/299     14.2G   0.04231    0.0284   0.01173   0.08244       142       640    0.4171    0.7565    0.6669    0.4713   0.03446   0.02247  0.007259
   198/299     14.2G   0.04213   0.02813   0.01163   0.08189        90       640    0.4175    0.7567    0.6678     0.472   0.03444   0.02246  0.007246
   199/299     14.2G   0.04226   0.02829   0.01162   0.08216        54       640    0.4177    0.7569    0.6676    0.4716   0.03442   0.02245  0.007242
   200/299     14.2G   0.04216   0.02804   0.01156   0.08175        72       640    0.4163    0.7549    0.6678    0.4718   0.03441   0.02245  0.007238
   201/299     14.2G     0.042   0.02819   0.01155   0.08175       136       640    0.4156    0.7549    0.6678    0.4722   0.03439   0.02245  0.007232
   202/299     14.2G   0.04206   0.02816   0.01149   0.08171       156       640    0.4175    0.7557    0.6676    0.4728   0.03439   0.02244  0.007235
   203/299     14.2G     0.042   0.02805   0.01149   0.08154        77       640    0.4152    0.7558    0.6675    0.4734   0.03439   0.02244  0.007229
   204/299     14.2G   0.04192   0.02835   0.01143    0.0817       210       640    0.4137    0.7559    0.6675    0.4736   0.03438   0.02243  0.007225
   205/299     14.2G   0.04186   0.02811   0.01139   0.08136       115       640    0.4139    0.7564    0.6677    0.4736   0.03436   0.02242   0.00722
   206/299     14.2G   0.04181   0.02807   0.01138   0.08126       100       640    0.4148    0.7567    0.6685    0.4743   0.03434   0.02241  0.007212
   207/299     14.2G   0.04189   0.02804   0.01137    0.0813        67       640    0.4147    0.7562    0.6685    0.4742   0.03433    0.0224  0.007202
   208/299     14.2G    0.0418   0.02796   0.01134   0.08109       146       640     0.414    0.7578    0.6688    0.4741   0.03432    0.0224  0.007189
   209/299     14.2G   0.04165   0.02804   0.01126   0.08096       116       640     0.415    0.7573    0.6683    0.4735   0.03432    0.0224  0.007177
   210/299     14.2G   0.04163   0.02796   0.01124   0.08083        78       640    0.4156     0.758    0.6684    0.4736   0.03431    0.0224  0.007174
   211/299     14.2G   0.04163   0.02789   0.01121   0.08074       149       640    0.4155    0.7578    0.6685    0.4735   0.03429    0.0224  0.007169
   212/299     14.2G   0.04167   0.02801    0.0112   0.08088       109       640    0.4163    0.7575     0.669    0.4741   0.03429   0.02239  0.007167
   213/299     14.2G    0.0416   0.02793   0.01114   0.08066       101       640    0.4171    0.7582     0.669    0.4744   0.03428   0.02238   0.00715
   214/299     14.2G   0.04151   0.02793   0.01111   0.08056        49       640    0.4152    0.7571    0.6691    0.4748   0.03426   0.02238  0.007137
   215/299     14.2G   0.04157   0.02783   0.01125   0.08066       170       640    0.4168    0.7591    0.6704    0.4754   0.03425   0.02237   0.00713
   216/299     14.2G   0.04136    0.0279   0.01104    0.0803        77       640     0.417      0.76     0.671    0.4755   0.03424   0.02237  0.007121
   217/299     14.2G   0.04144   0.02786   0.01103   0.08033        97       640    0.4173    0.7605    0.6714    0.4759   0.03424   0.02236  0.007119
   218/299     14.2G   0.04143   0.02783   0.01104   0.08029       110       640    0.4156    0.7605    0.6712    0.4758   0.03423   0.02236  0.007117
   219/299     14.2G   0.04141   0.02781   0.01106   0.08028        34       640    0.4173    0.7599    0.6713    0.4754   0.03423   0.02236  0.007119
   220/299     14.2G   0.04137   0.02776   0.01104   0.08017       126       640    0.4171    0.7598    0.6708    0.4756   0.03421   0.02236  0.007111
   221/299     14.2G   0.04125   0.02779   0.01099   0.08003        94       640    0.4173    0.7595    0.6709    0.4759   0.03421   0.02235  0.007109
   222/299     14.2G   0.04117   0.02763   0.01092   0.07972       148       640    0.4162     0.759    0.6708    0.4757   0.03419   0.02235  0.007095
   223/299     14.2G   0.04118   0.02776   0.01091   0.07985        96       640    0.4177     0.759    0.6712    0.4762   0.03419   0.02235  0.007088
   224/299     14.2G   0.04113   0.02759   0.01083   0.07956       143       640    0.4174    0.7593    0.6711    0.4762   0.03418   0.02234  0.007082
   225/299     14.2G   0.04111   0.02773   0.01079   0.07963        65       640    0.4195    0.7616    0.6727    0.4767   0.03417   0.02234  0.007073
   226/299     14.2G   0.04108   0.02762   0.01078   0.07948       134       640    0.4171    0.7589    0.6717    0.4769   0.03416   0.02234  0.007074
   227/299     14.2G   0.04102   0.02761   0.01082   0.07944       197       640    0.4166    0.7601    0.6712    0.4775   0.03416   0.02233  0.007071
   228/299     14.2G   0.04107   0.02755   0.01071   0.07933       106       640    0.4165      0.76    0.6717    0.4781   0.03416   0.02233  0.007068
   229/299     14.2G   0.04099   0.02759   0.01073   0.07931       143       640    0.4197    0.7625    0.6725    0.4779   0.03414   0.02233   0.00706
   230/299     14.2G    0.0409   0.02745   0.01072   0.07907        82       640    0.4179    0.7618    0.6725    0.4778   0.03413   0.02234  0.007049
   231/299     14.2G     0.041   0.02757   0.01069   0.07926        74       640    0.4188    0.7609    0.6723    0.4779   0.03413   0.02235  0.007057
   232/299     14.2G   0.04089   0.02749   0.01074   0.07911       100       640    0.4198    0.7596    0.6727    0.4789   0.03413   0.02235  0.007057
   233/299     14.2G   0.04081   0.02747   0.01062    0.0789       117       640    0.4205      0.76    0.6729    0.4792   0.03412   0.02235  0.007056
   234/299     14.2G   0.04079    0.0274   0.01058   0.07876       125       640    0.4206    0.7593    0.6727    0.4793    0.0341   0.02235  0.007051
   235/299     14.2G    0.0408   0.02744   0.01059   0.07883       143       640    0.4205    0.7613    0.6732    0.4795   0.03408   0.02235  0.007041
   236/299     14.2G   0.04074   0.02745   0.01059   0.07877       100       640    0.4207    0.7618    0.6742    0.4797   0.03407   0.02235  0.007028
   237/299     14.2G   0.04067   0.02745   0.01057   0.07869        77       640    0.4221    0.7614    0.6737    0.4803   0.03406   0.02234  0.007028
   238/299     14.2G   0.04066    0.0273   0.01052   0.07847       117       640    0.4222    0.7593    0.6741    0.4811   0.03405   0.02234  0.007026
   239/299     14.2G   0.04054   0.02731   0.01042   0.07827       181       640    0.4234    0.7604    0.6747     0.481   0.03405   0.02233  0.007023
   240/299     14.2G   0.04073   0.02743    0.0105   0.07866       107       640    0.4234    0.7603    0.6753    0.4815   0.03404   0.02233  0.007019
   241/299     14.2G   0.04057   0.02731   0.01043   0.07832       103       640    0.4243    0.7599     0.676    0.4811   0.03403   0.02234  0.007011
   242/299     14.2G    0.0405   0.02737   0.01041   0.07828        88       640    0.4243    0.7612    0.6757    0.4809   0.03403   0.02234  0.007003
   243/299     14.2G   0.04037    0.0272   0.01035   0.07792       104       640    0.4224    0.7608    0.6752    0.4805   0.03402   0.02234     0.007
   244/299     14.2G   0.04053   0.02743   0.01033   0.07829       107       640    0.4227    0.7606    0.6744    0.4804   0.03403   0.02234  0.006997
   245/299     14.2G   0.04037   0.02721   0.01031   0.07789       123       640    0.4231    0.7606     0.674    0.4808   0.03402   0.02235  0.006999
   246/299     14.2G   0.04036   0.02727   0.01028   0.07791       112       640    0.4221    0.7608    0.6755    0.4812   0.03402   0.02234  0.006989
   247/299     14.2G   0.04028   0.02706   0.01031   0.07765       151       640    0.4223    0.7613    0.6754    0.4811   0.03402   0.02234  0.006985
   248/299     14.2G   0.04035   0.02722   0.01021   0.07778       111       640    0.4246    0.7623    0.6759    0.4809   0.03401   0.02233  0.006986
   249/299     14.2G   0.04035   0.02726   0.01023   0.07784       155       640    0.4243     0.762    0.6757    0.4809     0.034   0.02234  0.006987
   250/299     14.2G   0.04022   0.02711   0.01022   0.07755        95       640    0.4238    0.7606    0.6759    0.4816   0.03399   0.02234  0.006981
   251/299     14.2G   0.04019   0.02706   0.01019   0.07744       101       640    0.4233    0.7611     0.676    0.4816   0.03399   0.02234  0.006975
   252/299     14.2G   0.04014   0.02702    0.0102   0.07736       118       640    0.4236     0.761    0.6759    0.4819   0.03399   0.02234  0.006978
   253/299     14.2G   0.04014   0.02708   0.01015   0.07737        75       640    0.4227    0.7613    0.6757    0.4829   0.03398   0.02233  0.006973
   254/299     14.2G   0.04008   0.02699   0.01014   0.07721       104       640    0.4224    0.7626    0.6768    0.4829   0.03398   0.02233  0.006972
   255/299     14.2G   0.04007    0.0271   0.01012   0.07729        52       640    0.4209    0.7623    0.6769    0.4825   0.03397   0.02234  0.006972
   256/299     14.2G    0.0401   0.02703   0.01007   0.07721        95       640    0.4227    0.7632    0.6771    0.4829   0.03397   0.02235  0.006954
   257/299     14.2G   0.04003   0.02691   0.01013   0.07708       130       640    0.4226    0.7628    0.6768    0.4829   0.03397   0.02234   0.00694
   258/299     14.2G   0.04011   0.02719   0.01012   0.07742       100       640    0.4228    0.7636    0.6767    0.4831   0.03396   0.02234  0.006937
   259/299     14.2G   0.03989   0.02688   0.01005   0.07683       127       640    0.4231    0.7648    0.6773    0.4827   0.03396   0.02234   0.00694
   260/299     14.2G    0.0399   0.02696      0.01   0.07686       104       640    0.4236     0.765    0.6772    0.4832   0.03396   0.02235  0.006942
   261/299     14.2G   0.03983   0.02686  0.009966   0.07666        77       640     0.424    0.7649     0.678    0.4839   0.03395   0.02235  0.006933
   262/299     14.2G   0.03995   0.02694  0.009994   0.07689       114       640    0.4239     0.764    0.6779    0.4838   0.03394   0.02235  0.006923
   263/299     14.2G   0.03989   0.02674  0.009984   0.07662        67       640    0.4248    0.7639    0.6782    0.4847   0.03393   0.02235  0.006917
   264/299     14.2G   0.03983   0.02692   0.00996   0.07671       108       640    0.4253    0.7645    0.6785    0.4849   0.03392   0.02235  0.006916
   265/299     14.2G   0.03982   0.02688  0.009892    0.0766        67       640    0.4256    0.7646    0.6787    0.4854   0.03392   0.02235  0.006906
   266/299     14.2G   0.03988   0.02683  0.009826   0.07654       149       640     0.426    0.7662     0.679     0.485   0.03392   0.02235  0.006913
   267/299     14.2G   0.03973   0.02669   0.00991   0.07633        61       640    0.4278    0.7655    0.6795    0.4847   0.03392   0.02235  0.006916
   268/299     14.2G   0.03974   0.02669  0.009847   0.07627       101       640    0.4273    0.7658    0.6796    0.4853   0.03392   0.02235  0.006928
   269/299     14.2G   0.03984   0.02678  0.009876   0.07649        85       640    0.4264    0.7644    0.6796    0.4851    0.0339   0.02236  0.006932
   270/299     14.2G   0.03954   0.02661  0.009762   0.07591       111       640    0.4268    0.7632    0.6791    0.4851    0.0339   0.02236  0.006936
   271/299     14.2G   0.03977   0.02691  0.009822    0.0765        98       640    0.4276    0.7633    0.6791    0.4852    0.0339   0.02236   0.00693
   272/299     14.2G   0.03964   0.02676  0.009798   0.07621       142       640    0.4273     0.764    0.6798    0.4856    0.0339   0.02236  0.006927
   273/299     14.2G   0.03961   0.02681  0.009761   0.07618       145       640    0.4276    0.7647    0.6799    0.4864   0.03389   0.02235  0.006921
   274/299     14.2G    0.0396   0.02672  0.009764   0.07608        88       640    0.4293    0.7669    0.6806    0.4866   0.03389   0.02235   0.00692
   275/299     14.2G   0.03958    0.0267  0.009729   0.07601       144       640    0.4292     0.765    0.6798    0.4862   0.03389   0.02236  0.006916
   276/299     14.2G   0.03955   0.02678  0.009709   0.07604       180       640    0.4292    0.7664    0.6802    0.4858   0.03389   0.02236  0.006921
   277/299     14.2G   0.03954   0.02659  0.009746   0.07588        72       640      0.43    0.7671    0.6802    0.4859   0.03388   0.02237  0.006927
   278/299     14.2G   0.03951   0.02668  0.009741   0.07593       108       640     0.429    0.7658    0.6796    0.4858   0.03388   0.02237  0.006934
   279/299     14.2G   0.03959    0.0265   0.00972   0.07581        75       640    0.4301    0.7669    0.6801    0.4861   0.03387   0.02237   0.00693
   280/299     14.2G   0.03949   0.02663   0.00967   0.07579       100       640    0.4306    0.7661    0.6808    0.4867   0.03386   0.02237  0.006924
   281/299     14.2G   0.03941    0.0267  0.009585   0.07569       154       640    0.4297    0.7665     0.681    0.4867   0.03386   0.02237  0.006923
   282/299     14.2G    0.0394    0.0266  0.009635   0.07564       171       640    0.4303    0.7656    0.6804    0.4864   0.03386   0.02237  0.006923
   283/299     14.2G   0.03951   0.02658  0.009687   0.07578        98       640    0.4308    0.7652    0.6808    0.4863   0.03386   0.02238  0.006925
   284/299     14.2G   0.03942   0.02651  0.009637   0.07557       115       640    0.4314    0.7654    0.6814    0.4864   0.03385   0.02239  0.006922
   285/299     14.2G   0.03936   0.02647  0.009628   0.07545       132       640    0.4331    0.7659     0.682    0.4871   0.03385   0.02239  0.006915
   286/299     14.2G   0.03932   0.02654  0.009586   0.07545       130       640    0.4319    0.7657    0.6811    0.4861   0.03384   0.02239  0.006907
   287/299     14.2G   0.03935   0.02652  0.009599   0.07546        42       640    0.4304    0.7642     0.681    0.4862   0.03385   0.02239  0.006904
   288/299     14.2G   0.03942   0.02648  0.009598   0.07549       113       640    0.4317    0.7635    0.6813    0.4863   0.03387   0.02239  0.006902
   289/299     14.2G   0.03934   0.02643  0.009572   0.07534        96       640    0.4321    0.7643    0.6811    0.4864   0.03387   0.02238  0.006902
   290/299     14.2G   0.03924   0.02647  0.009527   0.07524       128       640     0.432    0.7648    0.6813    0.4866   0.03388   0.02238  0.006899
   291/299     14.2G   0.03936   0.02638  0.009571    0.0753       109       640    0.4322     0.764    0.6817    0.4872   0.03389   0.02238  0.006889
   292/299     14.2G   0.03924   0.02648  0.009567   0.07529        92       640    0.4331    0.7644    0.6817    0.4873   0.03389   0.02239  0.006881
   293/299     14.2G   0.03926   0.02651   0.00953   0.07531       102       640    0.4343    0.7632    0.6818    0.4876   0.03389   0.02239  0.006882
   294/299     14.2G   0.03927   0.02649  0.009542    0.0753        63       640    0.4332     0.763    0.6815    0.4875   0.03389    0.0224  0.006872
   295/299     14.2G   0.03933   0.02652   0.00955    0.0754       143       640    0.4317    0.7626    0.6811    0.4871   0.03389   0.02241   0.00687
   296/299     14.2G   0.03925   0.02638  0.009464    0.0751       118       640    0.4319    0.7625    0.6812     0.487   0.03389   0.02241   0.00687
   297/299     14.2G   0.03915   0.02643  0.009472   0.07505        93       640    0.4323    0.7629    0.6806    0.4872    0.0339   0.02242  0.006874
   298/299     14.2G   0.03928   0.02641  0.009478   0.07517       100       640    0.4311     0.763    0.6806    0.4867    0.0339   0.02242  0.006885
   299/299     14.2G   0.03923   0.02645  0.009475   0.07516       118       640      0.43    0.7622    0.6792    0.4867   0.03391   0.02243  0.006891
