     0/299     10.6G   0.08926   0.03911   0.05042    0.1788       239       640  0.003465  0.004274   0.00369  0.001174   0.07363   0.03362   0.04682
     1/299     13.7G   0.07192   0.03804   0.04416    0.1541       219       640   0.08997   0.03785    0.0402   0.01914   0.06212   0.03165   0.03787
     2/299     13.7G   0.06651   0.03689   0.03687    0.1403       167       640    0.2262      0.16    0.1213   0.06256   0.05584   0.03013   0.02898
     3/299     13.7G   0.06224   0.03569   0.03105     0.129       167       640    0.2675    0.2825    0.2128    0.1196   0.05144   0.02894    0.0234
     4/299     13.7G   0.05925   0.03482    0.0274    0.1215       217       640    0.2664    0.3744    0.2862    0.1687   0.04893   0.02818   0.02034
     5/299     13.7G   0.05736   0.03413    0.0251    0.1166       176       640    0.2685    0.4257     0.331    0.1996   0.04746   0.02765   0.01846
     6/299     13.7G   0.05611    0.0338   0.02362    0.1135       263       640    0.2806    0.4571    0.3595    0.2205   0.04647   0.02729    0.0173
     7/299     13.7G   0.05523   0.03342   0.02257    0.1112       218       640    0.2872    0.4731    0.3787    0.2349   0.04579   0.02704   0.01659
     8/299     13.7G   0.05447   0.03321   0.02175    0.1094       154       640     0.301    0.4839    0.3925    0.2447   0.04531   0.02685   0.01609
     9/299     13.7G   0.05391   0.03307   0.02115    0.1081       202       640    0.3125    0.4893    0.4026    0.2521   0.04493   0.02672   0.01572
    10/299     13.7G   0.05338   0.03272    0.0206    0.1067       195       640    0.3256    0.4922    0.4104     0.258   0.04464   0.02662   0.01542
    11/299     13.7G    0.0529   0.03268   0.02014    0.1057       229       640    0.3386    0.4921    0.4175    0.2634   0.04437   0.02654   0.01515
    12/299     13.7G   0.05257   0.03248   0.01979    0.1048       210       640    0.3508    0.4931    0.4245     0.269   0.04413   0.02648    0.0149
    13/299     13.7G   0.05231   0.03241    0.0195    0.1042       266       640    0.3655    0.4935    0.4312     0.274    0.0439   0.02644   0.01466
    14/299     13.7G   0.05193   0.03227   0.01923    0.1034       208       640    0.3777    0.4938    0.4378    0.2787   0.04369   0.02642   0.01442
    15/299     13.7G   0.05176   0.03224   0.01901     0.103       235       640    0.3912    0.4947    0.4447     0.284   0.04347    0.0264   0.01418
    16/299     13.7G   0.05149   0.03207   0.01873    0.1023       193       640    0.4023    0.4959    0.4512    0.2887   0.04327   0.02637   0.01395
    17/299     13.7G   0.05129    0.0319   0.01854    0.1017       192       640    0.4115       0.5    0.4579    0.2941   0.04306   0.02633   0.01372
    18/299     13.7G   0.05108   0.03186   0.01837    0.1013       199       640    0.4229    0.5055    0.4652    0.2991   0.04284   0.02628   0.01349
    19/299     13.7G   0.05093   0.03185   0.01818     0.101       201       640    0.4342    0.5112    0.4719    0.3041   0.04261   0.02621   0.01326
    20/299     13.7G   0.05078   0.03169   0.01813    0.1006       208       640    0.4384    0.5155    0.4787    0.3092   0.04238   0.02613   0.01304
    21/299     13.7G   0.05064   0.03178   0.01796    0.1004       196       640    0.4407     0.521    0.4846     0.314   0.04214   0.02604   0.01283
    22/299     13.7G   0.05041   0.03163   0.01782   0.09986       202       640    0.4446    0.5277    0.4908    0.3187    0.0419   0.02593   0.01262
    23/299     13.7G   0.05036   0.03154   0.01778   0.09968       219       640    0.4454    0.5358    0.4969    0.3235   0.04167   0.02582   0.01242
    24/299     13.7G   0.05026   0.03152   0.01763   0.09941       287       640    0.4465    0.5445    0.5024    0.3281   0.04145    0.0257   0.01223
    25/299     13.7G    0.0501   0.03139   0.01747   0.09896       227       640     0.444    0.5511    0.5082    0.3328   0.04123   0.02557   0.01206
    26/299     13.7G   0.04998   0.03154   0.01745   0.09896       161       640    0.4408     0.558    0.5129    0.3372   0.04101   0.02544    0.0119
    27/299     13.7G    0.0499   0.03137   0.01734   0.09861       157       640    0.4386     0.565    0.5182    0.3413   0.04081   0.02532   0.01173
    28/299     13.7G   0.04988   0.03143   0.01721   0.09852       179       640    0.4363    0.5713    0.5228    0.3452   0.04062   0.02521    0.0116
    29/299     13.7G   0.04964   0.03143   0.01717   0.09824       150       640    0.4345    0.5788    0.5273    0.3486   0.04044    0.0251   0.01146
    30/299     13.7G   0.04958   0.03132   0.01709   0.09799       193       640    0.4316    0.5851    0.5316    0.3524   0.04028     0.025   0.01133
    31/299     13.7G   0.04953   0.03128   0.01702   0.09782       196       640    0.4288    0.5914    0.5358     0.356   0.04012    0.0249   0.01121
    32/299     13.7G   0.04944   0.03123   0.01695   0.09762       160       640    0.4256    0.5972     0.539     0.359   0.03997   0.02481    0.0111
    33/299     13.7G   0.04941   0.03118   0.01691   0.09749       282       640    0.4221    0.6023    0.5424     0.362   0.03983   0.02472     0.011
    34/299     13.7G   0.04927   0.03125   0.01683   0.09735       213       640    0.4196    0.6071    0.5455    0.3646   0.03971   0.02464   0.01091
    35/299     13.7G    0.0492   0.03109   0.01678   0.09707       202       640     0.418    0.6118    0.5487     0.367   0.03959   0.02457   0.01082
    36/299     13.7G   0.04909   0.03108    0.0167   0.09687       182       640    0.4167    0.6164    0.5519    0.3696   0.03947   0.02451   0.01074
    37/299     13.7G   0.04913   0.03107   0.01665   0.09684       294       640    0.4137    0.6206    0.5539    0.3713   0.03937   0.02445   0.01066
    38/299     13.7G   0.04905   0.03095   0.01661   0.09661       231       640    0.4107    0.6242    0.5559    0.3728   0.03929    0.0244   0.01059
    39/299     13.7G   0.04893   0.03101   0.01654   0.09648       163       640    0.4091    0.6276    0.5578    0.3751    0.0392   0.02435   0.01052
    40/299     13.7G   0.04889   0.03103   0.01652   0.09643       189       640    0.4069    0.6303    0.5598    0.3771   0.03911   0.02431   0.01046
    41/299     13.7G   0.04887   0.03092   0.01646   0.09625       241       640    0.4063    0.6346     0.562    0.3785   0.03904   0.02426    0.0104
    42/299     13.7G   0.04881   0.03099   0.01643   0.09622       200       640    0.4059     0.638    0.5638    0.3798   0.03896   0.02423   0.01035
    43/299     13.7G   0.04865   0.03087   0.01638    0.0959       264       640    0.4048    0.6403    0.5654    0.3815    0.0389    0.0242    0.0103
    44/299     13.7G   0.04864   0.03093   0.01633    0.0959       209       640    0.4017    0.6422    0.5671    0.3828   0.03884   0.02417   0.01025
    45/299     13.7G   0.04871   0.03078   0.01634   0.09583       191       640    0.4003    0.6441    0.5688    0.3841   0.03877   0.02415   0.01019
    46/299     13.7G   0.04853   0.03086   0.01624   0.09563       149       640     0.399    0.6464    0.5706    0.3857   0.03871   0.02411   0.01014
    47/299     13.7G   0.04857   0.03094   0.01624   0.09575       241       640    0.3976    0.6484    0.5717    0.3867   0.03865   0.02408   0.01009
    48/299     13.7G    0.0484   0.03082   0.01612   0.09535       191       640    0.3963    0.6497     0.573    0.3881   0.03859   0.02406   0.01004
    49/299     13.7G   0.04835   0.03085    0.0161    0.0953       253       640    0.3979    0.6517    0.5751    0.3894   0.03852   0.02403      0.01
    50/299     13.7G   0.04835   0.03074   0.01607   0.09516       148       640    0.3962    0.6534    0.5769    0.3911   0.03848     0.024  0.009965
    51/299     13.7G   0.04831   0.03072   0.01606   0.09509       254       640    0.3955    0.6552    0.5777    0.3918   0.03842   0.02398  0.009926
    52/299     13.7G   0.04829   0.03061   0.01608   0.09498       181       640    0.3944    0.6579     0.579     0.393   0.03836   0.02397  0.009892
    53/299     13.7G   0.04824   0.03065   0.01597   0.09486       189       640    0.3937     0.659      0.58    0.3939   0.03832   0.02395  0.009865
    54/299     13.7G    0.0482    0.0307   0.01595   0.09485       125       640    0.3928    0.6607     0.581    0.3947   0.03828   0.02394  0.009835
    55/299     13.7G   0.04813   0.03066   0.01595   0.09474       142       640    0.3925    0.6622     0.582    0.3958   0.03825   0.02392  0.009813
    56/299     13.7G   0.04814   0.03069   0.01588   0.09471       226       640    0.3922    0.6626    0.5825    0.3965   0.03821    0.0239  0.009786
    57/299     13.7G   0.04805   0.03066   0.01581   0.09451       256       640    0.3915     0.664    0.5836    0.3969   0.03817   0.02389  0.009759
    58/299     13.7G   0.04805   0.03063   0.01585   0.09452       167       640    0.3916    0.6668    0.5846    0.3977   0.03813   0.02387  0.009726
    59/299     13.7G   0.04795   0.03062   0.01581   0.09438       182       640    0.3905    0.6692    0.5856    0.3986   0.03809   0.02386  0.009688
    60/299     13.7G   0.04787   0.03067   0.01569   0.09422       160       640    0.3895    0.6702    0.5868    0.3992   0.03805   0.02384  0.009656
    61/299     13.7G   0.04793   0.03065   0.01571   0.09429       294       640    0.3908    0.6709    0.5873    0.3999   0.03802   0.02383  0.009629
    62/299     13.7G   0.04785    0.0305   0.01567   0.09403       152       640      0.39    0.6716    0.5881    0.4012   0.03799   0.02381  0.009605
    63/299     13.7G   0.04781   0.03064    0.0156   0.09406       177       640    0.3898    0.6726    0.5883    0.4012   0.03796   0.02381  0.009581
    64/299     13.7G   0.04786    0.0305   0.01566   0.09401       120       640    0.3896    0.6734    0.5891    0.4017   0.03794    0.0238  0.009564
    65/299     13.7G   0.04777   0.03056   0.01561   0.09393       253       640    0.3898    0.6731    0.5896    0.4026   0.03791    0.0238   0.00954
    66/299     13.7G   0.04779   0.03053   0.01561   0.09393       245       640    0.3888    0.6739    0.5905    0.4033   0.03788   0.02378  0.009509
    67/299     13.7G   0.04773   0.03047   0.01557   0.09377       199       640     0.389    0.6753    0.5914    0.4042   0.03785   0.02377  0.009489
    68/299     13.7G   0.04765    0.0305   0.01549   0.09363       221       640    0.3893    0.6765    0.5921    0.4046   0.03781   0.02376  0.009458
    69/299     13.7G    0.0476   0.03043    0.0155   0.09354       198       640    0.3882    0.6773    0.5928    0.4049   0.03777   0.02375  0.009428
    70/299     13.7G   0.04754   0.03045   0.01545   0.09344       132       640     0.388    0.6777    0.5932    0.4056   0.03774   0.02374  0.009402
    71/299     13.7G   0.04757   0.03045   0.01546   0.09348       223       640    0.3871    0.6778    0.5939     0.406    0.0377   0.02373  0.009374
    72/299     13.7G   0.04748    0.0304    0.0154   0.09328       201       640    0.3877    0.6791    0.5953     0.407   0.03768   0.02372  0.009358
    73/299     13.7G   0.04754   0.03047   0.01537   0.09339       264       640    0.3883    0.6806    0.5955    0.4077   0.03765   0.02371  0.009338
    74/299     13.7G   0.04748   0.03036   0.01534   0.09319       227       640    0.3883    0.6819    0.5962    0.4081   0.03763    0.0237  0.009323
    75/299     13.7G   0.04742   0.03035    0.0153   0.09307       285       640    0.3879    0.6816    0.5964    0.4086   0.03761   0.02369  0.009303
    76/299     13.7G    0.0473   0.03042   0.01522   0.09294       184       640    0.4011    0.6837    0.5981    0.4096   0.03759   0.02368  0.009288
    77/299     13.7G   0.04732   0.03042   0.01522   0.09296       170       640    0.4008    0.6849    0.5987      0.41   0.03756   0.02368  0.009281
    78/299     13.7G   0.04735   0.03042   0.01531   0.09307       197       640     0.401    0.6854    0.5992    0.4109   0.03753   0.02367  0.009269
    79/299     13.7G   0.04725   0.03028    0.0152   0.09273       171       640    0.4002    0.6854    0.5997    0.4119   0.03749   0.02366  0.009254
    80/299     13.7G    0.0472   0.03024   0.01518   0.09261       319       640    0.3998     0.686    0.6002    0.4122   0.03748   0.02365  0.009239
    81/299     13.7G   0.04717   0.03026   0.01517    0.0926       223       640    0.4002    0.6867     0.601     0.413   0.03746   0.02364  0.009225
    82/299     13.7G   0.04711   0.03027   0.01505   0.09243       211       640    0.4001    0.6862    0.6011    0.4134   0.03743   0.02363  0.009207
    83/299     13.7G   0.04711    0.0303   0.01514   0.09255       160       640    0.3997    0.6863    0.6014    0.4134   0.03741   0.02363  0.009195
    84/299     13.7G   0.04713   0.03019   0.01508    0.0924       246       640    0.3866    0.6851    0.6014     0.413    0.0374   0.02363  0.009176
    85/299     13.7G   0.04708   0.03029   0.01507   0.09244       196       640    0.3867    0.6866    0.6022    0.4134   0.03738   0.02362  0.009157
    86/299     13.7G   0.04701   0.03022     0.015   0.09222       184       640    0.3863    0.6876    0.6035    0.4143   0.03735   0.02362  0.009138
    87/299     13.7G   0.04702    0.0302   0.01499   0.09222       209       640    0.3862    0.6891    0.6041     0.415   0.03733   0.02362  0.009112
    88/299     13.7G   0.04696   0.03023   0.01495   0.09215       301       640    0.3855    0.6878    0.6044    0.4156    0.0373   0.02362  0.009092
    89/299     13.7G   0.04692   0.03014   0.01493   0.09198       149       640    0.3985    0.6907    0.6056    0.4164   0.03729   0.02361  0.009083
    90/299     13.7G   0.04691   0.03022   0.01492   0.09205       218       640    0.3985    0.6906    0.6058    0.4168   0.03727    0.0236  0.009067
    91/299     13.7G   0.04686   0.03021   0.01488   0.09195       162       640    0.3993    0.6917    0.6064    0.4178   0.03725   0.02359  0.009056
    92/299     13.7G    0.0468   0.03011   0.01487   0.09178       236       640    0.3996    0.6926    0.6073    0.4188   0.03723   0.02359  0.009045
    93/299     13.7G   0.04677   0.03008   0.01486   0.09171       223       640    0.4011    0.6933    0.6083    0.4194   0.03721   0.02358  0.009033
    94/299     13.7G   0.04681   0.03017    0.0148   0.09178       139       640    0.4012    0.6948     0.609      0.42   0.03719   0.02357   0.00902
    95/299     13.7G   0.04676      0.03   0.01482   0.09158       227       640    0.3999    0.6948    0.6095    0.4206   0.03717   0.02356   0.00901
    96/299     13.7G   0.04678   0.03009   0.01482   0.09169       215       640    0.4004    0.6967    0.6103    0.4211   0.03714   0.02355  0.009003
    97/299     13.7G   0.04668   0.03001   0.01475   0.09145       203       640    0.3988    0.6962    0.6104    0.4209   0.03713   0.02355  0.008991
    98/299     13.7G   0.04663   0.03009   0.01472   0.09145       158       640    0.3978    0.6963    0.6108    0.4215   0.03711   0.02355  0.008973
    99/299     13.7G   0.04662   0.02998   0.01471   0.09132       221       640    0.3986     0.696    0.6114    0.4216   0.03708   0.02353  0.008955
   100/299     13.7G   0.04651   0.03005   0.01463   0.09119       179       640    0.3993    0.6958    0.6116    0.4217   0.03707   0.02352  0.008941
   101/299     13.7G   0.04658   0.03009   0.01461   0.09129       198       640    0.3996    0.6965    0.6121    0.4209   0.03706   0.02351  0.008924
   102/299     13.7G   0.04656   0.02998   0.01462   0.09115       297       640    0.3979    0.6974     0.612    0.4215   0.03704    0.0235   0.00891
   103/299     13.7G    0.0465      0.03   0.01458   0.09108       145       640    0.3982    0.6983    0.6123    0.4221   0.03702   0.02349   0.00889
   104/299     13.7G   0.04641   0.02998   0.01457   0.09096       120       640     0.399    0.6985    0.6133     0.423     0.037   0.02348  0.008875
   105/299     13.7G   0.04649   0.02989   0.01459   0.09097       167       640    0.4002    0.6995    0.6143    0.4231   0.03698   0.02347  0.008857
   106/299     13.7G   0.04636   0.02994    0.0145    0.0908       267       640    0.3993    0.7001    0.6142    0.4234   0.03696   0.02347  0.008844
   107/299     13.7G   0.04635    0.0298   0.01456   0.09071       181       640    0.3985    0.7009    0.6147    0.4234   0.03695   0.02347  0.008836
   108/299     13.7G   0.04632   0.02989   0.01448   0.09069       165       640     0.399    0.7009    0.6148    0.4235   0.03693   0.02347   0.00882
   109/299     13.7G   0.04633   0.02991   0.01445   0.09069       188       640    0.3993    0.7012    0.6154    0.4241   0.03692   0.02346  0.008801
   110/299     13.7G   0.04628   0.03003   0.01442   0.09072       256       640    0.3992    0.7017    0.6158    0.4245    0.0369   0.02346  0.008786
   111/299     13.7G   0.04625   0.02995   0.01439   0.09059       145       640    0.4004    0.7025    0.6158    0.4245   0.03688   0.02346  0.008768
   112/299     13.7G    0.0462   0.02981   0.01436   0.09037       164       640    0.3993    0.7026    0.6164     0.425   0.03686   0.02346  0.008744
   113/299     13.7G   0.04618   0.02998   0.01432   0.09049       192       640    0.3984    0.7041    0.6174    0.4256   0.03685   0.02346  0.008723
   114/299     13.7G   0.04623   0.02992   0.01431   0.09047       167       640    0.3961    0.7041    0.6179    0.4263   0.03683   0.02345  0.008703
   115/299     13.7G   0.04611   0.02977   0.01429   0.09016       157       640    0.3943    0.7035    0.6181    0.4267   0.03681   0.02345  0.008689
   116/299     13.7G   0.04612   0.02986   0.01427   0.09026       157       640    0.3931    0.7035    0.6184    0.4276    0.0368   0.02344  0.008668
   117/299     13.7G   0.04608   0.02981   0.01429   0.09018       295       640    0.3939    0.7056    0.6184    0.4275   0.03678   0.02343  0.008662
   118/299     13.7G   0.04602   0.02975   0.01422   0.08999       257       640    0.3931    0.7048    0.6189    0.4274   0.03677   0.02343  0.008647
   119/299     13.7G   0.04606    0.0297   0.01429   0.09005       242       640     0.394    0.7053    0.6192    0.4276   0.03675   0.02343  0.008633
   120/299     13.7G   0.04594   0.02977   0.01415   0.08986       220       640    0.3982    0.7069    0.6199    0.4282   0.03673   0.02341  0.008619
   121/299     13.7G   0.04595   0.02986   0.01411   0.08993       245       640    0.3991    0.7074    0.6208    0.4296   0.03672    0.0234  0.008603
   122/299     13.7G   0.04586   0.02968   0.01412   0.08966       207       640    0.3995    0.7077    0.6214    0.4303   0.03669   0.02339  0.008598
   123/299     13.7G   0.04592   0.02976   0.01413   0.08981       153       640    0.4006    0.7079    0.6225     0.431   0.03668   0.02338  0.008588
   124/299     13.7G   0.04581   0.02973   0.01405   0.08959       240       640       0.4    0.7081    0.6231    0.4316   0.03666   0.02337  0.008575
   125/299     13.7G   0.04584   0.02963   0.01409   0.08956       291       640    0.4003    0.7078    0.6232    0.4315   0.03665   0.02337  0.008564
   126/299     13.7G    0.0458   0.02959   0.01407   0.08946       174       640    0.4005    0.7078    0.6237    0.4322   0.03665   0.02336  0.008556
   127/299     13.7G   0.04576    0.0297     0.014   0.08946       256       640    0.4011    0.7083    0.6232     0.432   0.03664   0.02335  0.008539
   128/299     13.7G   0.04566   0.02971   0.01398   0.08935       229       640    0.3965    0.7085    0.6235    0.4324   0.03662   0.02334  0.008527
   129/299     13.7G   0.04568   0.02959   0.01394   0.08921       134       640    0.3967    0.7096    0.6235    0.4321    0.0366   0.02334  0.008516
   130/299     13.7G   0.04568   0.02963   0.01393   0.08924       202       640     0.399    0.7144    0.6244    0.4331   0.03658   0.02333  0.008503
   131/299     13.7G   0.04561   0.02964   0.01391   0.08916       183       640    0.3993    0.7143    0.6246    0.4332   0.03655   0.02332  0.008489
   132/299     13.7G   0.04563   0.02968   0.01386   0.08918       153       640    0.3985    0.7138    0.6247    0.4336   0.03653   0.02332  0.008473
   133/299     13.7G   0.04557   0.02959   0.01378   0.08894       225       640    0.3999     0.715    0.6255    0.4337   0.03652   0.02331  0.008463
   134/299     13.7G   0.04553   0.02964   0.01377   0.08895       202       640    0.3992    0.7163    0.6264    0.4341    0.0365   0.02331  0.008444
   135/299     13.7G   0.04549   0.02965   0.01378   0.08892       180       640    0.3992    0.7172    0.6266    0.4344   0.03649   0.02329  0.008427
   136/299     13.7G   0.04543   0.02949   0.01378    0.0887       182       640    0.3995    0.7179    0.6271    0.4346   0.03648   0.02328  0.008423
   137/299     13.7G   0.04549   0.02954   0.01376   0.08879       177       640    0.3998    0.7168    0.6277    0.4355   0.03648   0.02328   0.00841
   138/299     13.7G   0.04543   0.02948   0.01375   0.08865       224       640    0.4001    0.7168    0.6275    0.4356   0.03647   0.02327  0.008396
   139/299     13.7G   0.04537    0.0295   0.01374   0.08861       230       640    0.4008    0.7173    0.6274    0.4355   0.03646   0.02327  0.008389
   140/299     13.7G   0.04533   0.02945   0.01365   0.08843       166       640    0.4004    0.7167    0.6279    0.4354   0.03645   0.02326  0.008386
   141/299     13.7G   0.04534   0.02954   0.01369   0.08857       112       640    0.4015    0.7177    0.6287    0.4361   0.03643   0.02326  0.008376
   142/299     13.7G   0.04526   0.02941   0.01365   0.08831       227       640    0.4006    0.7183    0.6289    0.4366   0.03641   0.02325  0.008361
   143/299     13.7G    0.0453   0.02943   0.01365   0.08838       258       640    0.4004    0.7179    0.6293     0.437   0.03638   0.02324  0.008345
   144/299     13.7G    0.0452    0.0294   0.01356   0.08815       169       640    0.4007    0.7188    0.6295    0.4373   0.03637   0.02324  0.008328
   145/299     13.7G   0.04521   0.02937   0.01352   0.08811       232       640    0.4004    0.7195    0.6297    0.4376   0.03635   0.02323  0.008315
   146/299     13.7G   0.04511   0.02935   0.01355   0.08801       212       640    0.4006    0.7185    0.6296    0.4376   0.03632   0.02322  0.008307
   147/299     13.7G   0.04511   0.02944   0.01351   0.08806       164       640    0.4018    0.7206    0.6304    0.4381   0.03631   0.02321  0.008294
   148/299     13.7G   0.04505   0.02936   0.01351   0.08792       234       640     0.402    0.7208    0.6308    0.4385   0.03629   0.02321  0.008283
   149/299     13.7G   0.04507   0.02931   0.01345   0.08783       214       640    0.4032    0.7214    0.6316    0.4381   0.03626    0.0232   0.00827
   150/299     13.7G   0.04505   0.02936   0.01344   0.08785       220       640    0.4013    0.7218    0.6321    0.4385   0.03625    0.0232  0.008257
   151/299     13.7G   0.04499    0.0293   0.01342   0.08771       218       640    0.4018    0.7219    0.6329    0.4392   0.03624   0.02319  0.008243
   152/299     13.7G   0.04487   0.02924   0.01336   0.08748       157       640    0.4022    0.7222    0.6337    0.4399   0.03621   0.02318  0.008226
   153/299     13.7G   0.04497    0.0293   0.01335   0.08762       264       640    0.4021    0.7217    0.6333    0.4398    0.0362   0.02318  0.008207
   154/299     13.7G   0.04487   0.02918   0.01331   0.08736       138       640    0.4008     0.721    0.6336    0.4402   0.03618   0.02318  0.008193
   155/299     13.7G   0.04487   0.02918   0.01329   0.08734       182       640    0.4008    0.7204    0.6339    0.4405   0.03617   0.02316  0.008176
   156/299     13.7G   0.04476   0.02918   0.01326    0.0872       164       640    0.4002    0.7212    0.6342    0.4408   0.03616   0.02316  0.008167
   157/299     13.7G   0.04481   0.02928   0.01324   0.08733       198       640    0.4001    0.7218    0.6343    0.4409   0.03615   0.02315  0.008163
   158/299     13.7G   0.04466   0.02923   0.01315   0.08703       182       640     0.401    0.7233    0.6351    0.4418   0.03613   0.02314  0.008145
   159/299     13.7G   0.04471   0.02918   0.01317   0.08706       303       640    0.4002    0.7228    0.6354    0.4425   0.03612   0.02314  0.008132
   160/299     13.7G   0.04471   0.02917   0.01315   0.08703       161       640    0.3995    0.7231    0.6353    0.4429   0.03611   0.02314  0.008124
   161/299     13.7G   0.04464    0.0291   0.01314   0.08688       184       640    0.3996    0.7238    0.6356    0.4432    0.0361   0.02313  0.008123
   162/299     13.7G   0.04465   0.02923   0.01311     0.087       217       640    0.3991    0.7246    0.6358    0.4435   0.03608   0.02312  0.008116
   163/299     13.7G   0.04451   0.02913   0.01309   0.08672        94       640     0.399    0.7246    0.6363    0.4441   0.03607   0.02312  0.008111
   164/299     13.7G   0.04454   0.02903   0.01305   0.08661       160       640    0.3993     0.724    0.6366    0.4438   0.03606   0.02311  0.008102
   165/299     13.7G   0.04447   0.02911   0.01298   0.08655       184       640    0.3996    0.7244    0.6369    0.4437   0.03604    0.0231  0.008091
   166/299     13.7G   0.04446   0.02907   0.01296   0.08649       175       640    0.4007    0.7251    0.6373    0.4444   0.03603    0.0231  0.008078
   167/299     13.7G   0.04446   0.02897   0.01297   0.08641       174       640    0.3998    0.7245     0.638     0.445   0.03601   0.02309  0.008071
   168/299     13.7G   0.04446   0.02904   0.01291   0.08642       229       640    0.3994     0.725    0.6383    0.4452     0.036   0.02308  0.008065
   169/299     13.7G   0.04435   0.02891   0.01292   0.08618       153       640    0.4001    0.7249    0.6388    0.4457   0.03599   0.02308  0.008054
   170/299     13.7G   0.04431   0.02893   0.01288   0.08612       193       640    0.3996    0.7259    0.6394    0.4461   0.03598   0.02307  0.008045
   171/299     13.7G   0.04428   0.02895   0.01286   0.08609       299       640    0.3981    0.7276    0.6401    0.4462   0.03598   0.02306   0.00804
   172/299     13.7G   0.04436   0.02887   0.01287    0.0861       238       640    0.3983    0.7281    0.6402    0.4464   0.03597   0.02306  0.008033
   173/299     13.7G   0.04429   0.02894   0.01284   0.08608       150       640    0.3984    0.7278    0.6406    0.4469   0.03595   0.02305  0.008016
   174/299     13.7G   0.04419   0.02888   0.01279   0.08587       184       640    0.3995    0.7283    0.6409    0.4469   0.03595   0.02305  0.008013
   175/299     13.7G   0.04415    0.0288   0.01277   0.08572       188       640    0.3999    0.7269    0.6411    0.4472   0.03594   0.02304  0.008005
   176/299     13.7G   0.04412   0.02897   0.01273   0.08582       201       640       0.4    0.7268    0.6416    0.4477   0.03593   0.02304  0.007989
   177/299     13.7G   0.04412   0.02887   0.01271    0.0857       301       640    0.3992    0.7268    0.6414    0.4477   0.03592   0.02303  0.007973
   178/299     13.7G   0.04411   0.02882   0.01267    0.0856       126       640       0.4    0.7269    0.6411    0.4474   0.03592   0.02302  0.007957
   179/299     13.7G   0.04404   0.02889   0.01263   0.08556       238       640    0.4005    0.7282    0.6411    0.4475   0.03591   0.02301  0.007945
   180/299     13.7G   0.04401   0.02884   0.01261   0.08546       222       640    0.4003    0.7291    0.6412    0.4476    0.0359   0.02301  0.007939
   181/299     13.7G   0.04397   0.02879    0.0126   0.08536       245       640    0.4002    0.7286    0.6414    0.4478   0.03589   0.02301  0.007928
   182/299     13.7G   0.04389   0.02874    0.0125   0.08513       202       640    0.3993    0.7285    0.6414     0.448   0.03589   0.02301  0.007917
   183/299     13.7G   0.04391   0.02874   0.01252   0.08518       219       640    0.4001     0.729    0.6411    0.4483   0.03588     0.023  0.007909
   184/299     13.7G   0.04386   0.02879   0.01251   0.08516       227       640    0.4004    0.7298    0.6417    0.4489   0.03586     0.023  0.007902
   185/299     13.7G   0.04378   0.02871   0.01248   0.08498       196       640     0.399    0.7281    0.6417    0.4486   0.03584   0.02299  0.007897
   186/299     13.7G   0.04377   0.02872   0.01247   0.08497       195       640    0.4002    0.7299    0.6426    0.4489   0.03582   0.02298  0.007886
   187/299     13.7G   0.04377   0.02868   0.01245    0.0849       227       640    0.4005    0.7294     0.642    0.4491    0.0358   0.02298  0.007879
   188/299     13.7G   0.04377    0.0287   0.01242   0.08489       198       640    0.4002    0.7311    0.6428    0.4497   0.03578   0.02298  0.007875
   189/299     13.7G   0.04365   0.02865    0.0124   0.08469       252       640       0.4    0.7316    0.6425    0.4499   0.03576   0.02297  0.007865
   190/299     13.7G   0.04366   0.02862   0.01235   0.08462       203       640    0.4012    0.7303    0.6429    0.4504   0.03575   0.02297  0.007858
   191/299     13.7G   0.04359   0.02868   0.01231   0.08459       188       640     0.403    0.7302     0.643    0.4509   0.03574   0.02296  0.007852
   192/299     13.7G   0.04356   0.02852   0.01226   0.08433       183       640    0.4027    0.7318    0.6431    0.4512   0.03572   0.02295  0.007845
   193/299     13.7G   0.04351   0.02848   0.01228   0.08428       217       640     0.403    0.7303    0.6436    0.4516   0.03572   0.02295  0.007848
   194/299     13.7G   0.04347   0.02861   0.01223   0.08432       208       640    0.4029    0.7284    0.6435    0.4516   0.03571   0.02294  0.007842
   195/299     13.7G   0.04343   0.02848    0.0122   0.08411       179       640    0.4036     0.729    0.6434    0.4516    0.0357   0.02294  0.007838
   196/299     13.7G    0.0435    0.0285    0.0122    0.0842       203       640    0.4034    0.7287    0.6432    0.4514    0.0357   0.02293  0.007837
   197/299     13.7G   0.04337   0.02855   0.01211   0.08403       174       640    0.4024    0.7283    0.6435    0.4513   0.03569   0.02293  0.007834
   198/299     13.7G   0.04335   0.02848   0.01211   0.08394       151       640    0.4032    0.7289    0.6437    0.4514   0.03568   0.02292  0.007826
   199/299     13.7G   0.04326   0.02847   0.01211   0.08383       173       640    0.4042    0.7294    0.6436    0.4518   0.03568   0.02292  0.007823
   200/299     13.7G   0.04329   0.02848   0.01208   0.08385       221       640    0.4048    0.7288    0.6441     0.452   0.03567   0.02292  0.007815
   201/299     13.7G   0.04322   0.02842   0.01201   0.08365       208       640    0.4042    0.7291    0.6448    0.4524   0.03565   0.02292  0.007807
   202/299     13.7G   0.04319   0.02831     0.012   0.08349       196       640    0.4041    0.7311     0.645    0.4522   0.03563   0.02291  0.007796
   203/299     13.7G   0.04317   0.02837     0.012   0.08355       250       640    0.4045    0.7321    0.6452    0.4533   0.03562   0.02291  0.007782
   204/299     13.7G   0.04314   0.02837   0.01194   0.08345       217       640    0.4031    0.7327    0.6455    0.4536    0.0356    0.0229  0.007772
   205/299     13.7G   0.04302   0.02835    0.0119   0.08328       155       640    0.4048    0.7349    0.6468    0.4541   0.03558    0.0229  0.007768
   206/299     13.7G   0.04301   0.02829   0.01185   0.08315       265       640    0.4047    0.7342    0.6469    0.4545   0.03556   0.02289   0.00776
   207/299     13.7G   0.04304   0.02834   0.01188   0.08326       161       640    0.4058    0.7344    0.6476    0.4541   0.03555   0.02288  0.007751
   208/299     13.7G   0.04305   0.02833   0.01185   0.08324       224       640    0.4056    0.7342    0.6481    0.4547   0.03553   0.02287   0.00774
   209/299     13.7G   0.04292   0.02831   0.01177     0.083       215       640    0.4056    0.7347    0.6483    0.4549   0.03551   0.02288  0.007734
   210/299     13.7G   0.04294   0.02831   0.01179   0.08304       143       640    0.4053    0.7342    0.6489    0.4551    0.0355   0.02288   0.00772
   211/299     13.7G   0.04289    0.0282   0.01178   0.08288       187       640    0.4058    0.7367    0.6492     0.455   0.03548   0.02287  0.007704
   212/299     13.7G   0.04285   0.02815   0.01176   0.08276       270       640    0.4051    0.7371    0.6501     0.456   0.03547   0.02287    0.0077
   213/299     13.7G   0.04279   0.02822   0.01171   0.08272       178       640    0.4052    0.7362    0.6507    0.4566   0.03547   0.02286    0.0077
   214/299     13.7G    0.0428   0.02795   0.01167   0.08242       167       640    0.4168    0.7362    0.6516    0.4574   0.03546   0.02285  0.007695
   215/299     13.7G   0.04275   0.02811    0.0117   0.08256       196       640    0.4176    0.7364    0.6516    0.4575   0.03545   0.02284  0.007686
   216/299     13.7G    0.0427   0.02812   0.01164   0.08247       183       640    0.4187    0.7375    0.6522     0.458   0.03543   0.02284  0.007676
   217/299     13.7G   0.04275   0.02816   0.01158   0.08248       214       640    0.4184    0.7369    0.6521    0.4579   0.03542   0.02283  0.007674
   218/299     13.7G   0.04263     0.028   0.01161   0.08223       273       640    0.4189    0.7379    0.6521    0.4579   0.03541   0.02283  0.007672
   219/299     13.7G   0.04263   0.02813   0.01157   0.08233       202       640    0.4196    0.7368    0.6522    0.4582   0.03538   0.02283  0.007664
   220/299     13.7G   0.04262   0.02807   0.01151    0.0822       177       640    0.4197    0.7375    0.6525     0.458   0.03537   0.02281  0.007658
   221/299     13.7G   0.04251   0.02816   0.01146   0.08213       263       640    0.4192    0.7365    0.6525    0.4581   0.03535    0.0228  0.007655
   222/299     13.7G   0.04246   0.02797   0.01147    0.0819       188       640    0.4197    0.7374    0.6527    0.4585   0.03534   0.02279  0.007649
   223/299     13.7G   0.04248   0.02791   0.01145   0.08184       174       640    0.4205    0.7381     0.653    0.4583   0.03534   0.02278  0.007636
   224/299     13.7G   0.04245   0.02804    0.0114   0.08188       199       640    0.4207    0.7381    0.6535    0.4585   0.03534   0.02278  0.007622
   225/299     13.7G   0.04243   0.02796    0.0114   0.08179       192       640    0.4222    0.7388    0.6541    0.4586   0.03534   0.02277   0.00761
   226/299     13.7G   0.04244   0.02802   0.01137   0.08183       181       640    0.4221    0.7377    0.6537    0.4589   0.03533   0.02276   0.00761
   227/299     13.7G   0.04232   0.02803   0.01136   0.08171       221       640    0.4205    0.7375    0.6546    0.4595   0.03532   0.02276  0.007599
   228/299     13.7G   0.04225    0.0278   0.01133   0.08138       210       640    0.4194    0.7388    0.6541    0.4598   0.03532   0.02275  0.007592
   229/299     13.7G   0.04219    0.0278   0.01127   0.08126       249       640     0.419    0.7391    0.6544    0.4607    0.0353   0.02274  0.007583
   230/299     13.7G   0.04218   0.02793   0.01121   0.08132       107       640    0.4173    0.7391     0.655     0.461    0.0353   0.02275  0.007575
   231/299     13.7G   0.04216   0.02788   0.01121   0.08125       198       640    0.4173    0.7396    0.6554    0.4614   0.03529   0.02274  0.007565
   232/299     13.7G   0.04215   0.02778   0.01116   0.08109       187       640    0.4169    0.7391    0.6555    0.4614   0.03527   0.02274   0.00755
   233/299     13.7G   0.04219   0.02782   0.01119   0.08121       181       640    0.4169    0.7385    0.6554     0.462   0.03526   0.02275  0.007536
   234/299     13.7G   0.04207   0.02784   0.01112   0.08103       162       640     0.416    0.7394    0.6556    0.4623   0.03525   0.02275  0.007538
   235/299     13.7G     0.042   0.02775   0.01112   0.08088       173       640    0.4145    0.7389    0.6555    0.4622   0.03525   0.02274  0.007547
   236/299     13.7G   0.04201   0.02768   0.01109   0.08078       235       640     0.416    0.7391    0.6557    0.4617   0.03524   0.02273  0.007549
   237/299     13.7G   0.04196   0.02771   0.01105   0.08073       187       640    0.4155    0.7398    0.6557    0.4622   0.03524   0.02273  0.007555
   238/299     13.7G   0.04195   0.02769   0.01106   0.08071       176       640    0.4149    0.7395    0.6559    0.4624   0.03524   0.02273  0.007553
   239/299     13.7G   0.04189   0.02768   0.01101   0.08058       210       640    0.4141    0.7395    0.6561    0.4627   0.03523   0.02272  0.007543
   240/299     13.7G   0.04194   0.02763   0.01099   0.08056       207       640    0.4133    0.7392    0.6566    0.4636   0.03522   0.02272   0.00754
   241/299     13.7G   0.04184   0.02759   0.01097    0.0804       239       640    0.4147    0.7398    0.6566    0.4638    0.0352   0.02271  0.007532
   242/299     13.7G   0.04182   0.02762   0.01096    0.0804       312       640    0.4145    0.7389    0.6561    0.4639   0.03519   0.02271  0.007527
   243/299     13.7G   0.04179   0.02756   0.01094   0.08029       202       640    0.4142    0.7401     0.656    0.4637   0.03518   0.02271   0.00753
   244/299     13.7G   0.04166   0.02754   0.01088   0.08008       142       640    0.4147    0.7403    0.6568    0.4638   0.03517   0.02272  0.007521
   245/299     13.7G   0.04171   0.02753   0.01089   0.08013       225       640    0.4142    0.7403    0.6565    0.4637   0.03516   0.02272  0.007526
   246/299     13.7G   0.04169   0.02758   0.01086   0.08013       236       640    0.4146    0.7404    0.6569    0.4642   0.03516   0.02271  0.007525
   247/299     13.7G   0.04164   0.02761   0.01079   0.08004       209       640    0.4153    0.7403    0.6569    0.4646   0.03515   0.02271  0.007512
   248/299     13.7G   0.04157   0.02747   0.01082   0.07986       253       640    0.4157    0.7407    0.6569    0.4649   0.03514   0.02271  0.007497
   249/299     13.7G   0.04154   0.02749   0.01075   0.07978       158       640    0.4167    0.7404    0.6573    0.4648   0.03514    0.0227  0.007482
   250/299     13.7G   0.04153   0.02744   0.01077   0.07973       252       640    0.4171    0.7395    0.6578    0.4643   0.03514    0.0227  0.007474
   251/299     13.7G   0.04154   0.02735    0.0108   0.07969       240       640    0.4168    0.7401    0.6577    0.4649   0.03513    0.0227   0.00747
   252/299     13.7G    0.0415   0.02742   0.01071   0.07963       270       640     0.417    0.7397    0.6575    0.4653   0.03512    0.0227  0.007469
   253/299     13.7G   0.04152   0.02743   0.01071   0.07967       209       640    0.4164    0.7405    0.6581    0.4653   0.03512    0.0227  0.007468
   254/299     13.7G   0.04149   0.02741   0.01066   0.07956       247       640     0.415      0.74    0.6578    0.4655   0.03511    0.0227  0.007471
   255/299     13.7G    0.0414   0.02741   0.01062   0.07943       206       640    0.4149    0.7396    0.6581    0.4659   0.03511   0.02271  0.007475
   256/299     13.7G   0.04137    0.0273   0.01063    0.0793       206       640    0.4139      0.74    0.6581    0.4657   0.03511   0.02272   0.00748
   257/299     13.7G   0.04131   0.02738   0.01058   0.07928       155       640    0.4143    0.7396    0.6576    0.4655    0.0351   0.02271  0.007482
   258/299     13.7G   0.04139    0.0274   0.01059   0.07938       168       640     0.414    0.7399    0.6575    0.4653    0.0351   0.02271  0.007467
   259/299     13.7G   0.04126    0.0273   0.01059   0.07915       211       640    0.4142    0.7394    0.6569    0.4652    0.0351   0.02271  0.007458
   260/299     13.7G   0.04129   0.02734   0.01054   0.07917       206       640    0.4152      0.74    0.6571    0.4653    0.0351   0.02271   0.00745
   261/299     13.7G   0.04126   0.02722   0.01055   0.07903       229       640    0.4139    0.7392    0.6567    0.4646   0.03511   0.02271  0.007451
   262/299     13.7G   0.04126   0.02732   0.01051    0.0791       198       640     0.415    0.7399    0.6564    0.4644   0.03511   0.02271  0.007457
   263/299     13.7G    0.0412   0.02733   0.01046     0.079       217       640    0.4156      0.74    0.6562    0.4647   0.03511   0.02271  0.007456
   264/299     13.7G   0.04112   0.02726   0.01045   0.07883       157       640    0.4155    0.7398    0.6559    0.4649    0.0351   0.02271  0.007448
   265/299     13.7G    0.0412   0.02719   0.01049   0.07889       187       640    0.4154    0.7392     0.656    0.4648    0.0351   0.02271  0.007442
   266/299     13.7G   0.04114   0.02717   0.01043   0.07873       161       640    0.4146    0.7394    0.6565    0.4653    0.0351   0.02272  0.007427
   267/299     13.7G   0.04106   0.02721    0.0104   0.07867       379       640    0.4145    0.7389    0.6565    0.4657   0.03508   0.02271  0.007421
   268/299     13.7G   0.04102   0.02719    0.0104   0.07862       239       640    0.4156     0.738    0.6567    0.4656   0.03507   0.02271  0.007416
   269/299     13.7G   0.04109   0.02717    0.0104   0.07866       181       640     0.416    0.7381    0.6567    0.4654   0.03505   0.02271  0.007413
   270/299     13.7G   0.04105   0.02712   0.01036   0.07853       191       640    0.4156    0.7375    0.6568     0.465   0.03505   0.02271  0.007406
   271/299     13.7G   0.04107   0.02721   0.01031   0.07859       179       640     0.416    0.7375    0.6568    0.4653   0.03505   0.02271  0.007404
   272/299     13.7G   0.04096   0.02717   0.01031   0.07844       215       640    0.4167    0.7373     0.657    0.4654   0.03504   0.02271  0.007408
   273/299     13.7G   0.04098   0.02712   0.01031    0.0784       226       640    0.4163    0.7381    0.6568    0.4656   0.03504    0.0227  0.007407
   274/299     13.7G   0.04094   0.02706   0.01027   0.07828       218       640    0.4167    0.7387    0.6569    0.4656   0.03504    0.0227  0.007397
   275/299     13.7G   0.04092   0.02715   0.01028   0.07835       130       640    0.4172    0.7384    0.6568    0.4658   0.03503   0.02269  0.007397
   276/299     13.7G   0.04089   0.02705   0.01027   0.07821       240       640    0.4191    0.7389    0.6564    0.4655   0.03503   0.02268  0.007405
   277/299     13.7G   0.04092   0.02699   0.01032   0.07824       174       640    0.4187    0.7382    0.6567    0.4656   0.03502   0.02268    0.0074
   278/299     13.7G   0.04087   0.02702   0.01026   0.07815       195       640    0.4187     0.738    0.6567    0.4657   0.03501   0.02269  0.007401
   279/299     13.7G   0.04087   0.02699   0.01026   0.07812       170       640    0.4182    0.7378    0.6572    0.4663     0.035   0.02269  0.007403
   280/299     13.7G   0.04088     0.027   0.01018   0.07806       171       640    0.4186    0.7382    0.6573    0.4662     0.035   0.02269  0.007403
   281/299     13.7G   0.04086   0.02702   0.01024   0.07812       210       640    0.4191    0.7388     0.657     0.466     0.035   0.02269    0.0074
   282/299     13.7G   0.04078     0.027   0.01017   0.07795       211       640    0.4178    0.7381    0.6566    0.4659   0.03499   0.02271  0.007387
   283/299     13.7G   0.04076   0.02696   0.01019   0.07791       271       640    0.4188    0.7382    0.6563    0.4656     0.035   0.02271  0.007384
   284/299     13.7G   0.04078   0.02696   0.01017   0.07791       143       640    0.4191    0.7397    0.6565    0.4658   0.03499   0.02272  0.007381
   285/299     13.7G   0.04083     0.027   0.01019   0.07801       175       640    0.4206    0.7402    0.6571    0.4664     0.035   0.02272  0.007375
   286/299     13.7G   0.04077   0.02702   0.01018   0.07797       266       640    0.4203    0.7396     0.657    0.4663     0.035   0.02272  0.007374
   287/299     13.7G   0.04079     0.027   0.01015   0.07794       188       640    0.4207    0.7408    0.6567    0.4664   0.03501   0.02273  0.007377
   288/299     13.7G   0.04071   0.02684   0.01015    0.0777       237       640    0.4201    0.7409    0.6567    0.4666   0.03502   0.02274  0.007383
   289/299     13.7G   0.04067    0.0269   0.01011   0.07768       193       640    0.4205    0.7408    0.6571    0.4665   0.03502   0.02274  0.007385
   290/299     13.7G   0.04071   0.02697   0.01012    0.0778       221       640    0.4206    0.7413    0.6573    0.4664   0.03503   0.02275  0.007391
   291/299     13.7G   0.04064    0.0269   0.01009   0.07763       177       640    0.4202    0.7406     0.657    0.4663   0.03504   0.02276  0.007397
   292/299     13.7G   0.04069   0.02696    0.0101   0.07774       219       640      0.42    0.7408    0.6572    0.4669   0.03505   0.02277  0.007396
   293/299     13.7G   0.04066   0.02681   0.01005   0.07753       201       640    0.4197    0.7409    0.6577    0.4667   0.03505   0.02277  0.007406
   294/299     13.7G   0.04064   0.02691   0.01008   0.07763       176       640    0.4197    0.7427    0.6579    0.4665   0.03505   0.02277  0.007417
   295/299     13.7G   0.04065   0.02687   0.01007   0.07759       154       640    0.4204    0.7422    0.6572    0.4661   0.03505   0.02278  0.007423
   296/299     13.7G   0.04065   0.02695   0.01011   0.07772       239       640    0.4213    0.7437    0.6581    0.4664   0.03505   0.02278  0.007429
   297/299     13.7G    0.0406   0.02685   0.01008   0.07753       194       640    0.4219    0.7435    0.6588    0.4671   0.03505   0.02278  0.007434
   298/299     13.7G   0.04067   0.02698   0.01003   0.07768       292       640    0.4216    0.7435    0.6585    0.4672   0.03507   0.02278  0.007437
   299/299     13.7G    0.0406   0.02685   0.01002   0.07747       174       640    0.4213    0.7431    0.6586    0.4672   0.03508   0.02277  0.007434
