     0/299     9.19G   0.09152   0.03926   0.05065    0.1814       109       640  0.005647  0.003566  0.003672  0.001165   0.07596   0.03324    0.0469
     1/299     13.8G   0.07317   0.03856   0.04473    0.1565       124       640   0.08201   0.03574   0.03354   0.01454   0.06427   0.03186   0.03887
     2/299     13.8G   0.06806   0.03743   0.03793    0.1434       156       640      0.19    0.1306   0.09843   0.04836   0.05818   0.03062   0.03064
     3/299     13.8G   0.06391    0.0363   0.03229    0.1325        94       640    0.2672    0.2459    0.1822    0.0978   0.05389   0.02945     0.025
     4/299     13.8G   0.06095   0.03545    0.0287    0.1251        46       640    0.2517    0.3273    0.2436    0.1369   0.05152   0.02873    0.0219
     5/299     13.8G   0.05916   0.03499   0.02646    0.1206        74       640    0.2591    0.3884    0.2924    0.1693    0.0499   0.02824   0.01986
     6/299     13.8G   0.05786   0.03459   0.02493    0.1174        60       640    0.2671    0.4275    0.3272    0.1925   0.04874   0.02783   0.01844
     7/299     13.8G   0.05697   0.03439   0.02373    0.1151        69       640     0.286    0.4505    0.3506    0.2093   0.04797   0.02756   0.01752
     8/299     13.8G   0.05616   0.03413   0.02283    0.1131        78       640     0.293     0.466    0.3676    0.2212   0.04741   0.02735    0.0169
     9/299     13.8G   0.05546   0.03379   0.02217    0.1114        72       640    0.2994    0.4749    0.3805    0.2304     0.047   0.02719   0.01646
    10/299     13.8G   0.05493   0.03357   0.02155    0.1101       137       640    0.3062    0.4819    0.3893     0.237   0.04667   0.02706   0.01612
    11/299     13.8G   0.05453   0.03342   0.02104     0.109        90       640    0.3081    0.4872    0.3973    0.2422   0.04639   0.02695   0.01583
    12/299     13.8G   0.05413   0.03329   0.02069    0.1081        57       640    0.3285    0.4905    0.4047    0.2479   0.04614   0.02685   0.01558
    13/299     13.8G   0.05378   0.03322   0.02027    0.1073        66       640    0.3247    0.4919    0.4104    0.2526   0.04591   0.02676   0.01534
    14/299     13.8G    0.0535   0.03306   0.02003    0.1066        93       640    0.3461    0.4936    0.4173    0.2573   0.04569   0.02668   0.01511
    15/299     13.8G    0.0532   0.03284   0.01969    0.1057       120       640     0.355    0.4955    0.4236    0.2617   0.04547    0.0266   0.01489
    16/299     13.8G   0.05299   0.03279   0.01943    0.1052       154       640    0.3638    0.4978     0.429    0.2662   0.04526   0.02654   0.01466
    17/299     13.8G   0.05264   0.03267    0.0192    0.1045       123       640     0.367    0.4983    0.4351    0.2703   0.04507   0.02647   0.01446
    18/299     13.8G   0.05244   0.03265     0.019    0.1041       142       640    0.3735    0.5013    0.4411    0.2751   0.04487   0.02641   0.01424
    19/299     13.8G   0.05236   0.03245   0.01888    0.1037        26       640    0.3812    0.5037    0.4463    0.2793   0.04467   0.02634   0.01403
    20/299     13.8G   0.05213   0.03247   0.01874    0.1033       136       640     0.388    0.5084    0.4518    0.2835   0.04448   0.02627   0.01383
    21/299     13.8G   0.05201   0.03247    0.0185     0.103        63       640    0.3959     0.512    0.4575    0.2873   0.04429   0.02621   0.01363
    22/299     13.8G   0.05189   0.03243   0.01843    0.1028        97       640     0.401    0.5159    0.4631    0.2911   0.04409   0.02614   0.01343
    23/299     13.8G   0.05175   0.03226   0.01826    0.1023        72       640    0.4061    0.5207    0.4686    0.2953    0.0439   0.02607   0.01325
    24/299     13.8G   0.05157   0.03226   0.01813     0.102       103       640    0.4076    0.5259    0.4738    0.2995    0.0437   0.02599   0.01306
    25/299     13.8G   0.05141   0.03207   0.01804    0.1015       116       640    0.4115    0.5311    0.4792    0.3037   0.04352   0.02592   0.01289
    26/299     13.8G   0.05136    0.0321   0.01789    0.1013        55       640    0.4125    0.5364     0.484    0.3072   0.04334   0.02583   0.01272
    27/299     13.8G   0.05119    0.0321   0.01778    0.1011        60       640    0.4138    0.5419    0.4885    0.3106   0.04315   0.02576   0.01257
    28/299     13.8G   0.05104   0.03203   0.01766    0.1007       142       640    0.4122    0.5469    0.4932    0.3142   0.04298   0.02568   0.01241
    29/299     13.8G   0.05097   0.03195   0.01762    0.1005       115       640    0.4114    0.5509    0.4975    0.3179   0.04281   0.02559   0.01227
    30/299     13.8G   0.05091   0.03201   0.01754    0.1005        44       640    0.4132    0.5577    0.5016    0.3212   0.04265   0.02551   0.01214
    31/299     13.8G   0.05084   0.03194    0.0174    0.1002       171       640    0.4122    0.5636    0.5059    0.3245    0.0425   0.02544   0.01201
    32/299     13.8G   0.05072   0.03187   0.01737   0.09997       204       640    0.4123    0.5681    0.5094    0.3271   0.04235   0.02537   0.01189
    33/299     13.8G   0.05067   0.03186   0.01732   0.09985        92       640    0.4105    0.5743    0.5134    0.3303   0.04221    0.0253   0.01178
    34/299     13.8G   0.05054   0.03187   0.01716   0.09957        89       640    0.4107    0.5792     0.517     0.333   0.04209   0.02523   0.01168
    35/299     13.8G   0.05043   0.03182   0.01711   0.09936        73       640    0.4087    0.5833    0.5203    0.3356   0.04197   0.02516   0.01157
    36/299     13.8G   0.05039   0.03169   0.01707   0.09915        75       640    0.4086     0.588    0.5232    0.3382   0.04186    0.0251   0.01148
    37/299     13.8G   0.05033   0.03168   0.01702   0.09902       129       640    0.4053    0.5904    0.5257    0.3402   0.04175   0.02504    0.0114
    38/299     13.8G   0.05026   0.03171   0.01691   0.09888        91       640     0.404    0.5949    0.5282    0.3423   0.04164   0.02499   0.01131
    39/299     13.8G   0.05008   0.03164   0.01686   0.09858        96       640     0.403     0.599    0.5311    0.3444   0.04153   0.02493   0.01124
    40/299     13.8G   0.05017    0.0316   0.01689   0.09866        84       640    0.4009    0.6026    0.5335    0.3467   0.04144   0.02489   0.01116
    41/299     13.8G   0.05006   0.03163   0.01681   0.09851       123       640    0.4001    0.6064    0.5354    0.3485   0.04135   0.02484   0.01108
    42/299     13.8G   0.04995   0.03151   0.01669   0.09814       131       640    0.3987    0.6095     0.538    0.3501   0.04126    0.0248   0.01101
    43/299     13.8G   0.04992   0.03151   0.01671   0.09814        57       640    0.3989    0.6133    0.5402    0.3522   0.04118   0.02476   0.01095
    44/299     13.8G   0.04984   0.03147   0.01657   0.09788        86       640    0.3958    0.6152    0.5418    0.3535   0.04111   0.02472   0.01089
    45/299     13.8G   0.04981   0.03148   0.01659   0.09788       149       640    0.3944    0.6192     0.544    0.3554   0.04104   0.02469   0.01084
    46/299     13.8G   0.04977   0.03147   0.01654   0.09778        42       640    0.3935    0.6225    0.5458    0.3567   0.04098   0.02465   0.01079
    47/299     13.8G   0.04965   0.03145   0.01648   0.09758       138       640    0.3927    0.6252    0.5473    0.3582   0.04091   0.02462   0.01073
    48/299     13.8G   0.04965   0.03142    0.0164   0.09747       150       640    0.3918    0.6261    0.5486    0.3596   0.04085   0.02459   0.01067
    49/299     13.8G   0.04957   0.03138   0.01634   0.09728        88       640    0.3912    0.6284    0.5502    0.3611   0.04079   0.02456   0.01062
    50/299     13.8G    0.0495   0.03132   0.01635   0.09717        83       640    0.3897    0.6301    0.5518    0.3622   0.04073   0.02454   0.01057
    51/299     13.8G   0.04945   0.03127   0.01628   0.09699        57       640    0.3888    0.6316    0.5534    0.3634   0.04068   0.02452   0.01052
    52/299     13.8G   0.04943   0.03125   0.01624   0.09691        81       640     0.389    0.6345    0.5542    0.3644   0.04063    0.0245   0.01048
    53/299     13.8G   0.04933   0.03135   0.01623   0.09691       104       640    0.3887    0.6355    0.5551    0.3656   0.04057   0.02448   0.01044
    54/299     13.8G   0.04929   0.03129   0.01615   0.09673        66       640    0.4003    0.6388     0.557    0.3669   0.04051   0.02446    0.0104
    55/299     13.8G   0.04923    0.0313   0.01612   0.09665        98       640    0.3866    0.6395    0.5579     0.368   0.04045   0.02443   0.01035
    56/299     13.8G   0.04924   0.03135   0.01607   0.09667        36       640    0.3858    0.6402     0.559     0.369    0.0404   0.02442   0.01031
    57/299     13.8G   0.04921   0.03122   0.01606   0.09649       127       640     0.386    0.6421    0.5607    0.3703   0.04035    0.0244   0.01028
    58/299     13.8G   0.04913   0.03124   0.01603    0.0964       132       640    0.3855    0.6424    0.5614    0.3711    0.0403   0.02438   0.01025
    59/299     13.8G   0.04915   0.03126     0.016   0.09641        65       640    0.3851    0.6438    0.5617    0.3717   0.04025   0.02436   0.01022
    60/299     13.8G   0.04912    0.0312     0.016   0.09632        42       640    0.3977    0.6462    0.5636    0.3726   0.04019   0.02435   0.01019
    61/299     13.8G   0.04903    0.0312    0.0159   0.09614       121       640    0.3977    0.6476    0.5644    0.3733   0.04014   0.02433   0.01016
    62/299     13.8G   0.04893   0.03121   0.01584   0.09598        80       640    0.3976     0.649    0.5656    0.3746   0.04009   0.02431   0.01013
    63/299     13.8G   0.04894   0.03108   0.01585   0.09588        42       640    0.3977    0.6498    0.5662    0.3753   0.04004   0.02429   0.01011
    64/299     13.8G    0.0489    0.0311   0.01588   0.09588        77       640    0.3965    0.6506    0.5666    0.3757   0.04001   0.02428   0.01008
    65/299     13.8G   0.04888   0.03111   0.01583   0.09583       152       640    0.3832    0.6493    0.5663    0.3759   0.03998   0.02427   0.01005
    66/299     13.8G   0.04884   0.03106   0.01577   0.09568        55       640    0.3831    0.6508     0.567    0.3761   0.03995   0.02426   0.01003
    67/299     13.8G   0.04876   0.03109   0.01578   0.09563        51       640    0.3942    0.6529    0.5682    0.3772   0.03991   0.02425   0.01001
    68/299     13.8G   0.04873     0.031   0.01572   0.09544        89       640    0.3946    0.6547    0.5688    0.3782   0.03988   0.02423  0.009994
    69/299     13.8G   0.04877   0.03107   0.01566   0.09549        75       640    0.3823    0.6541    0.5694    0.3786   0.03986   0.02422   0.00997
    70/299     13.8G   0.04874   0.03102    0.0157   0.09546       119       640     0.383    0.6547    0.5702    0.3792   0.03982   0.02421  0.009945
    71/299     13.8G   0.04867   0.03108   0.01561   0.09536        94       640    0.3831    0.6548    0.5709    0.3798   0.03979    0.0242  0.009926
    72/299     13.8G   0.04861   0.03102   0.01557    0.0952       111       640    0.3953    0.6575    0.5722    0.3813   0.03976   0.02419  0.009901
    73/299     13.8G    0.0485   0.03098   0.01554   0.09502       122       640    0.3953    0.6584    0.5735    0.3815   0.03973   0.02418  0.009879
    74/299     13.8G   0.04853   0.03092   0.01555     0.095       131       640     0.394    0.6584     0.574    0.3823   0.03971   0.02416  0.009866
    75/299     13.8G    0.0485    0.0309   0.01552   0.09492        33       640     0.394    0.6583    0.5746    0.3831   0.03968   0.02415  0.009842
    76/299     13.8G    0.0485   0.03089   0.01553   0.09491        76       640    0.3938    0.6596    0.5757    0.3836   0.03966   0.02415  0.009823
    77/299     13.8G   0.04836   0.03094   0.01538   0.09469        42       640    0.3938    0.6602    0.5761    0.3843   0.03963   0.02414  0.009802
    78/299     13.8G   0.04843   0.03095   0.01545   0.09483        86       640    0.3942    0.6613    0.5775    0.3853    0.0396   0.02413  0.009782
    79/299     13.8G   0.04833   0.03089   0.01536   0.09458       143       640    0.3951    0.6625     0.578     0.386   0.03958   0.02412  0.009762
    80/299     13.8G   0.04836   0.03092    0.0154   0.09468        86       640    0.3948    0.6633    0.5792     0.387   0.03954   0.02411  0.009738
    81/299     13.8G   0.04825   0.03085   0.01528   0.09438        85       640    0.3954    0.6638    0.5797     0.387   0.03951   0.02409  0.009721
    82/299     13.8G   0.04827   0.03084   0.01532   0.09442        87       640    0.3954    0.6649    0.5801     0.387   0.03948   0.02408  0.009705
    83/299     13.8G   0.04824   0.03072   0.01531   0.09427       105       640    0.3947    0.6661    0.5809    0.3879   0.03945   0.02408  0.009689
    84/299     13.8G   0.04823   0.03081   0.01529   0.09433        67       640    0.3952    0.6667    0.5814    0.3883   0.03943   0.02407  0.009666
    85/299     13.8G   0.04819   0.03088   0.01521   0.09428        80       640    0.3962    0.6676    0.5815    0.3888    0.0394   0.02406  0.009643
    86/299     13.8G   0.04814   0.03081    0.0152   0.09415       120       640    0.3952    0.6681    0.5818    0.3887   0.03937   0.02407  0.009624
    87/299     13.8G    0.0481   0.03063   0.01524   0.09397       120       640    0.3947    0.6695    0.5821    0.3894   0.03934   0.02406  0.009605
    88/299     13.8G   0.04809   0.03083   0.01515   0.09408        61       640    0.3944    0.6705    0.5831    0.3904   0.03932   0.02406  0.009587
    89/299     13.8G   0.04804   0.03074   0.01513   0.09392        75       640    0.3942    0.6715    0.5836    0.3906    0.0393   0.02405  0.009563
    90/299     13.8G   0.04806   0.03066   0.01511   0.09383        87       640    0.3947     0.672    0.5835     0.391   0.03928   0.02404  0.009542
    91/299     13.8G   0.04801   0.03074   0.01509   0.09384        88       640    0.3952    0.6727    0.5842    0.3914   0.03925   0.02402  0.009521
    92/299     13.8G   0.04808   0.03064    0.0151   0.09382        74       640     0.396    0.6739     0.585    0.3917   0.03923   0.02401  0.009496
    93/299     13.8G   0.04786   0.03068   0.01508   0.09362        73       640    0.3969    0.6743    0.5861    0.3923   0.03922   0.02401  0.009477
    94/299     13.8G   0.04791   0.03074   0.01495   0.09361       106       640    0.3959    0.6753    0.5865    0.3928   0.03919     0.024  0.009455
    95/299     13.8G   0.04789   0.03076   0.01497   0.09362       106       640    0.3969    0.6761    0.5872    0.3936   0.03917   0.02399  0.009444
    96/299     13.8G   0.04784   0.03062   0.01498   0.09344        43       640    0.3957    0.6756    0.5873    0.3943   0.03915   0.02398   0.00943
    97/299     13.8G   0.04774   0.03065    0.0149   0.09329        92       640    0.3949    0.6752    0.5876    0.3945   0.03913   0.02397  0.009419
    98/299     13.8G   0.04777   0.03068   0.01487   0.09332        87       640    0.3965    0.6765    0.5884     0.395   0.03912   0.02397   0.00941
    99/299     13.8G   0.04776    0.0305   0.01491   0.09317       107       640    0.3964    0.6769    0.5884    0.3954   0.03911   0.02396  0.009405
   100/299     13.8G   0.04769   0.03066   0.01487   0.09322       163       640    0.3953    0.6782    0.5892    0.3959   0.03909   0.02396  0.009393
   101/299     13.8G   0.04765   0.03064   0.01479   0.09308       122       640    0.3958    0.6794    0.5898    0.3961   0.03906   0.02395  0.009379
   102/299     13.8G   0.04764    0.0306    0.0148   0.09304       154       640    0.3968    0.6798      0.59    0.3964   0.03904   0.02395  0.009361
   103/299     13.8G   0.04756   0.03054   0.01477   0.09287       106       640    0.3954    0.6803    0.5901    0.3968   0.03902   0.02395  0.009339
   104/299     13.8G    0.0476   0.03052   0.01481   0.09293       101       640    0.3959    0.6802    0.5902    0.3969     0.039   0.02394  0.009322
   105/299     13.8G   0.04757   0.03049    0.0148   0.09287        95       640    0.3956    0.6799     0.591    0.3976   0.03897   0.02394   0.00931
   106/299     13.8G   0.04755   0.03051   0.01477   0.09283        67       640    0.3968    0.6794    0.5915    0.3977   0.03896   0.02393  0.009297
   107/299     13.8G   0.04744   0.03045   0.01468   0.09257        80       640     0.398    0.6806    0.5919     0.398   0.03893   0.02392  0.009283
   108/299     13.8G   0.04748   0.03056   0.01468   0.09271        72       640    0.3981    0.6812    0.5921    0.3985   0.03891   0.02391  0.009271
   109/299     13.8G   0.04747   0.03047   0.01467   0.09261        81       640    0.3985    0.6824    0.5929    0.3995   0.03889   0.02389  0.009256
   110/299     13.8G   0.04747   0.03055   0.01468    0.0927        96       640     0.399    0.6834    0.5941    0.4001   0.03887   0.02389  0.009246
   111/299     13.8G   0.04736   0.03053   0.01461   0.09249       106       640    0.3979    0.6829    0.5942    0.4006   0.03886   0.02388  0.009233
   112/299     13.8G   0.04734   0.03043   0.01462   0.09239        49       640     0.397    0.6833    0.5947    0.4006   0.03885   0.02387  0.009218
   113/299     13.8G   0.04727   0.03036   0.01454   0.09217        80       640    0.3973    0.6839    0.5945     0.401   0.03883   0.02387  0.009205
   114/299     13.8G   0.04732   0.03036   0.01452    0.0922        66       640    0.3964     0.684    0.5951    0.4014   0.03881   0.02386  0.009197
   115/299     13.8G   0.04732   0.03045    0.0145   0.09227        43       640    0.3961    0.6851    0.5956     0.402    0.0388   0.02385  0.009189
   116/299     13.8G   0.04726   0.03041   0.01452    0.0922        46       640    0.3943    0.6854     0.596    0.4018   0.03879   0.02385  0.009181
   117/299     13.8G   0.04723    0.0304   0.01445   0.09208        98       640    0.3937    0.6857    0.5963    0.4017   0.03877   0.02384  0.009171
   118/299     13.8G   0.04718   0.03044   0.01443   0.09205        90       640    0.3934    0.6853    0.5958    0.4016   0.03875   0.02384  0.009159
   119/299     13.8G   0.04718   0.03031   0.01442   0.09192       118       640    0.3934    0.6855    0.5963    0.4024   0.03874   0.02383  0.009145
   120/299     13.8G    0.0471   0.03044   0.01432   0.09187       124       640    0.3936    0.6857    0.5973    0.4028   0.03872   0.02382  0.009133
   121/299     13.8G   0.04715   0.03038   0.01438   0.09191        48       640    0.3925    0.6855    0.5982    0.4033   0.03872   0.02381   0.00912
   122/299     13.8G   0.04714   0.03038   0.01437   0.09188       122       640    0.3963     0.688    0.5996    0.4042    0.0387    0.0238  0.009115
   123/299     13.8G   0.04708   0.03033   0.01429    0.0917       107       640    0.3943    0.6884    0.5997    0.4048   0.03868    0.0238  0.009109
   124/299     13.8G   0.04698   0.03019   0.01428   0.09145        52       640    0.3945    0.6887    0.6001    0.4053   0.03866    0.0238  0.009104
   125/299     13.8G   0.04705   0.03033   0.01428   0.09166       134       640    0.3943    0.6873    0.6001    0.4059   0.03865   0.02379  0.009101
   126/299     13.8G   0.04696   0.03029   0.01426   0.09151       119       640    0.3963    0.6884    0.6001    0.4059   0.03863   0.02378  0.009092
   127/299     13.8G   0.04692   0.03029   0.01424   0.09144        53       640    0.3965    0.6893    0.6011    0.4065   0.03862   0.02378   0.00908
   128/299     13.8G   0.04691   0.03011   0.01418    0.0912        79       640    0.3982    0.6896    0.6018     0.407    0.0386   0.02377  0.009071
   129/299     13.8G   0.04689   0.03016    0.0142   0.09124        65       640    0.3985    0.6901     0.602    0.4076   0.03859   0.02377  0.009051
   130/299     13.8G   0.04686   0.03024   0.01413   0.09123        96       640    0.3985      0.69    0.6022    0.4073   0.03858   0.02376   0.00904
   131/299     13.8G   0.04677   0.03015    0.0141   0.09102        94       640    0.3985    0.6904    0.6026    0.4076   0.03857   0.02376  0.009033
   132/299     13.8G   0.04675   0.03022   0.01407   0.09104        55       640    0.3976    0.6895    0.6027    0.4077   0.03856   0.02375  0.009022
   133/299     13.8G   0.04678   0.03014    0.0141   0.09102        68       640    0.3994    0.6894    0.6032    0.4078   0.03854   0.02374  0.009011
   134/299     13.8G   0.04667   0.03009   0.01404    0.0908        93       640    0.3993      0.69    0.6034    0.4081   0.03852   0.02373  0.009002
   135/299     13.8G   0.04669   0.03013   0.01401   0.09084        58       640    0.3984    0.6909     0.604    0.4088   0.03851   0.02372  0.008989
   136/299     13.8G   0.04669   0.03017   0.01405   0.09092        70       640    0.3978    0.6926    0.6047    0.4096   0.03849   0.02372  0.008975
   137/299     13.8G    0.0467    0.0301   0.01404   0.09084        48       640    0.3977    0.6929    0.6048    0.4095   0.03847   0.02371  0.008964
   138/299     13.8G   0.04664   0.03006   0.01399   0.09069       110       640    0.3986    0.6946    0.6056    0.4101   0.03845   0.02371  0.008951
   139/299     13.8G   0.04654   0.03002   0.01394    0.0905        55       640    0.3996    0.6946    0.6061    0.4103   0.03843    0.0237  0.008934
   140/299     13.8G   0.04654   0.03008   0.01394   0.09056        94       640    0.3984    0.6943    0.6068    0.4108   0.03842   0.02369  0.008916
   141/299     13.8G   0.04651   0.03001   0.01393   0.09044        80       640    0.3987    0.6948    0.6074    0.4108    0.0384   0.02369  0.008903
   142/299     13.8G   0.04645   0.03001   0.01389   0.09035        86       640    0.3966    0.6938     0.607    0.4113   0.03839   0.02369  0.008895
   143/299     13.8G   0.04649   0.03012   0.01385   0.09046        83       640    0.3958    0.6937     0.607    0.4116   0.03837   0.02368  0.008884
   144/299     13.8G   0.04646   0.03011   0.01383   0.09039        96       640    0.3961    0.6934    0.6074    0.4118   0.03836   0.02368   0.00887
   145/299     13.8G   0.04639   0.03008    0.0138   0.09027       117       640    0.3972    0.6941    0.6079     0.412   0.03834   0.02367  0.008855
   146/299     13.8G   0.04642   0.02997   0.01384   0.09023       107       640    0.3962    0.6944    0.6088     0.412   0.03832   0.02367  0.008841
   147/299     13.8G   0.04638   0.02995   0.01377   0.09011        84       640    0.3956    0.6937    0.6088     0.412   0.03832   0.02367  0.008837
   148/299     13.8G   0.04636   0.02989    0.0138   0.09005        81       640     0.397     0.695    0.6091    0.4123    0.0383   0.02366  0.008832
   149/299     13.8G   0.04629   0.02995    0.0137   0.08993        95       640    0.3966    0.6949     0.609    0.4123    0.0383   0.02366  0.008827
   150/299     13.8G   0.04628   0.02995   0.01366   0.08989       169       640    0.3941    0.6948    0.6089     0.412   0.03829   0.02366  0.008822
   151/299     13.8G    0.0462   0.02994   0.01364   0.08978       125       640    0.3936     0.695    0.6086    0.4121   0.03828   0.02366   0.00882
   152/299     13.8G   0.04615   0.02982    0.0136   0.08957        94       640    0.3938    0.6949    0.6087    0.4126   0.03828   0.02366   0.00882
   153/299     13.8G   0.04618   0.02986   0.01363   0.08967        65       640     0.394    0.6957    0.6091    0.4131   0.03827   0.02366  0.008816
   154/299     13.8G   0.04616   0.02987   0.01359   0.08962        93       640     0.394     0.696    0.6087    0.4131   0.03825   0.02365  0.008809
   155/299     13.8G   0.04611    0.0297   0.01358   0.08939        57       640    0.3946    0.6955    0.6098    0.4134   0.03824   0.02363    0.0088
   156/299     13.8G   0.04615   0.02985   0.01359    0.0896        78       640    0.3949    0.6967    0.6108    0.4136   0.03822   0.02363  0.008789
   157/299     13.8G   0.04612   0.02986   0.01352   0.08949        97       640    0.3952    0.6956    0.6108    0.4144    0.0382   0.02362  0.008779
   158/299     13.8G     0.046   0.02972   0.01345   0.08918        65       640    0.3957    0.6958    0.6109    0.4143   0.03819   0.02362  0.008768
   159/299     13.8G   0.04598   0.02983   0.01344   0.08925       104       640    0.3966    0.6958    0.6111    0.4145   0.03818   0.02361  0.008762
   160/299     13.8G   0.04596   0.02979   0.01344    0.0892       103       640    0.3963    0.6964    0.6114    0.4148   0.03818    0.0236  0.008756
   161/299     13.8G   0.04596   0.02983   0.01341   0.08919        58       640    0.3961    0.6969    0.6117     0.415   0.03816   0.02359  0.008743
   162/299     13.8G   0.04594   0.02983   0.01344   0.08921       107       640    0.3964     0.697    0.6126    0.4158   0.03816   0.02359   0.00873
   163/299     13.8G   0.04582   0.02982   0.01335   0.08899       117       640    0.3966    0.6987    0.6134    0.4163   0.03815   0.02358  0.008715
   164/299     13.8G   0.04583   0.02974   0.01336   0.08893        77       640    0.3962    0.6979     0.613    0.4166   0.03815   0.02359  0.008701
   165/299     13.8G   0.04581   0.02969   0.01328   0.08879        73       640    0.3974    0.6991     0.614    0.4166   0.03814   0.02358  0.008691
   166/299     13.8G   0.04583   0.02971   0.01333   0.08886        46       640     0.397    0.6978    0.6137    0.4166   0.03813   0.02358  0.008679
   167/299     13.8G   0.04574   0.02965   0.01329   0.08868        90       640    0.3962    0.6976    0.6133    0.4169   0.03813   0.02359  0.008669
   168/299     13.8G   0.04576   0.02967   0.01328   0.08871        80       640    0.3961    0.6973    0.6135    0.4178   0.03812   0.02359  0.008657
   169/299     13.8G    0.0457   0.02964   0.01323   0.08857        74       640    0.3951    0.6971    0.6139    0.4175   0.03811   0.02359  0.008645
   170/299     13.8G   0.04565   0.02969   0.01323   0.08857       113       640    0.3959    0.6982     0.614    0.4173    0.0381   0.02359  0.008639
   171/299     13.8G   0.04559   0.02962   0.01316   0.08836        33       640    0.3947    0.6984    0.6139    0.4174   0.03809   0.02359   0.00863
   172/299     13.8G   0.04563   0.02959    0.0132   0.08842        83       640    0.3949    0.6997    0.6139    0.4175   0.03808   0.02359  0.008625
   173/299     13.8G   0.04559   0.02957   0.01316   0.08832       123       640    0.3954    0.7002    0.6143    0.4176   0.03806   0.02358  0.008618
   174/299     13.8G   0.04553   0.02957   0.01313   0.08822        48       640     0.396    0.7002    0.6144    0.4176   0.03805   0.02358  0.008614
   175/299     13.8G   0.04547   0.02955   0.01307   0.08808        43       640    0.3942    0.6996    0.6149    0.4178   0.03804   0.02357  0.008613
   176/299     13.8G   0.04553   0.02955   0.01306   0.08815       147       640    0.3959    0.7023    0.6154    0.4185   0.03802   0.02356   0.00861
   177/299     13.8G   0.04548   0.02947   0.01307   0.08803        78       640    0.3958    0.7019    0.6154    0.4188   0.03801   0.02356  0.008605
   178/299     13.8G    0.0454   0.02945   0.01302   0.08787        84       640    0.3961    0.7026     0.616    0.4185     0.038   0.02355   0.00859
   179/299     13.8G   0.04539   0.02946   0.01302   0.08787        93       640    0.3961    0.7022    0.6161    0.4182   0.03798   0.02353  0.008577
   180/299     13.8G   0.04537   0.02942   0.01298   0.08777        84       640    0.3959    0.7021    0.6162    0.4188   0.03797   0.02353  0.008564
   181/299     13.8G   0.04532   0.02935   0.01295   0.08761        64       640    0.3954    0.7014    0.6162    0.4189   0.03796   0.02352  0.008566
   182/299     13.8G   0.04531   0.02944   0.01294   0.08768        48       640    0.3951    0.7025    0.6163     0.419   0.03794   0.02352  0.008561
   183/299     13.8G   0.04524   0.02949   0.01287   0.08761        88       640     0.396     0.702    0.6163    0.4193   0.03792   0.02352  0.008554
   184/299     13.8G   0.04527    0.0295   0.01293   0.08769        32       640    0.3967    0.7033    0.6166    0.4194   0.03791   0.02351  0.008545
   185/299     13.8G   0.04518   0.02929   0.01287   0.08733       104       640    0.3966    0.7033    0.6169    0.4195    0.0379   0.02351  0.008543
   186/299     13.8G   0.04521   0.02946   0.01281   0.08749       127       640    0.3977    0.7033    0.6173      0.42   0.03789   0.02351   0.00854
   187/299     13.8G   0.04515   0.02937    0.0128   0.08732        90       640    0.3991    0.7042     0.618    0.4202   0.03788   0.02351  0.008535
   188/299     13.8G   0.04513   0.02943   0.01281   0.08737        97       640    0.3985    0.7033    0.6177    0.4206   0.03787   0.02351  0.008531
   189/299     13.8G   0.04502   0.02927   0.01278   0.08707        75       640    0.3981    0.7027    0.6174     0.421   0.03786   0.02352  0.008525
   190/299     13.8G   0.04508   0.02926   0.01278   0.08712        73       640    0.3979    0.7026    0.6186    0.4215   0.03785   0.02352  0.008515
   191/299     13.8G   0.04502   0.02941    0.0127   0.08714       103       640    0.3981    0.7036    0.6189    0.4221   0.03783   0.02352  0.008504
   192/299     13.8G   0.04502    0.0292   0.01272   0.08694        80       640    0.3991    0.7036    0.6194    0.4227   0.03781   0.02352  0.008497
   193/299     13.8G   0.04502   0.02928   0.01272   0.08702        97       640     0.399    0.7052    0.6199    0.4229    0.0378   0.02351  0.008491
   194/299     13.8G   0.04498   0.02929   0.01266   0.08692        83       640    0.3997     0.705    0.6197    0.4232    0.0378   0.02351  0.008485
   195/299     13.8G   0.04491   0.02929   0.01257   0.08677        80       640    0.4003    0.7055    0.6198    0.4233   0.03779    0.0235  0.008474
   196/299     13.8G   0.04494   0.02927   0.01262   0.08683        98       640    0.3999    0.7055    0.6204    0.4234   0.03778   0.02349  0.008472
   197/299     13.8G   0.04482   0.02918   0.01259   0.08659        93       640     0.399    0.7049    0.6201    0.4232   0.03777   0.02349  0.008469
   198/299     13.8G   0.04482   0.02918   0.01255   0.08654        81       640    0.4007    0.7065    0.6206    0.4235   0.03776   0.02349  0.008468
   199/299     13.8G   0.04481   0.02926   0.01255   0.08662       113       640    0.4012    0.7057    0.6207    0.4238   0.03775   0.02348  0.008462
   200/299     13.8G   0.04471   0.02913   0.01244   0.08628       126       640    0.4006    0.7063    0.6206    0.4237   0.03774   0.02348  0.008459
   201/299     13.8G   0.04466    0.0291   0.01246   0.08622        91       640    0.4002    0.7053     0.621    0.4237   0.03772   0.02348  0.008453
   202/299     13.8G   0.04473   0.02912   0.01245   0.08629        85       640    0.4006    0.7043    0.6205    0.4237   0.03771   0.02348  0.008455
   203/299     13.8G   0.04474   0.02908   0.01245   0.08627       120       640    0.4012    0.7033    0.6207    0.4243    0.0377   0.02347  0.008455
   204/299     13.8G   0.04467    0.0292    0.0124   0.08627        84       640    0.4028    0.7037    0.6212    0.4248   0.03769   0.02346  0.008442
   205/299     13.8G   0.04462   0.02902   0.01241   0.08606        94       640    0.4032    0.7033    0.6219    0.4248   0.03769   0.02346  0.008427
   206/299     13.8G   0.04454   0.02908   0.01233   0.08595        72       640    0.4025    0.7045     0.622    0.4249   0.03768   0.02345  0.008418
   207/299     13.8G   0.04457    0.0291   0.01235   0.08602        90       640     0.402    0.7037    0.6214    0.4246   0.03768   0.02346  0.008409
   208/299     13.8G   0.04445   0.02907   0.01232   0.08583        70       640    0.4019    0.7035    0.6217    0.4245   0.03768   0.02345  0.008408
   209/299     13.8G   0.04443   0.02893   0.01227   0.08563       108       640    0.4017     0.704     0.621     0.424   0.03767   0.02345  0.008408
   210/299     13.8G    0.0445   0.02912   0.01228   0.08591        59       640    0.3999    0.7035    0.6212    0.4244   0.03767   0.02345  0.008403
   211/299     13.8G    0.0444   0.02897   0.01227   0.08564        60       640    0.4004    0.7036     0.621    0.4249   0.03766   0.02345  0.008395
   212/299     13.8G   0.04441   0.02898   0.01224   0.08563       164       640    0.4007    0.7044    0.6219    0.4258   0.03765   0.02345  0.008389
   213/299     13.8G   0.04435   0.02894   0.01214   0.08543        62       640    0.3999    0.7045     0.622    0.4261   0.03765   0.02345  0.008383
   214/299     13.8G   0.04433   0.02882   0.01214   0.08529        90       640    0.3998     0.705    0.6227    0.4269   0.03764   0.02344  0.008372
   215/299     13.8G   0.04433   0.02899   0.01222   0.08554       114       640    0.4012    0.7051    0.6235    0.4276   0.03763   0.02344  0.008366
   216/299     13.8G   0.04425   0.02896   0.01213   0.08534        86       640    0.4009    0.7054    0.6235    0.4268   0.03762   0.02344  0.008361
   217/299     13.8G   0.04424   0.02889    0.0121   0.08524       100       640    0.4002    0.7059    0.6235    0.4266   0.03762   0.02344  0.008353
   218/299     13.8G   0.04419   0.02887   0.01205    0.0851        58       640    0.4014    0.7055    0.6228    0.4268   0.03761   0.02344  0.008342
   219/299     13.8G   0.04421    0.0289   0.01207   0.08518        75       640    0.4021     0.706    0.6227    0.4266    0.0376   0.02344   0.00833
   220/299     13.8G   0.04419   0.02883   0.01209    0.0851       108       640    0.4019    0.7053    0.6226    0.4269   0.03758   0.02343  0.008326
   221/299     13.8G   0.04418   0.02891   0.01202   0.08512        85       640     0.402    0.7049    0.6227    0.4266   0.03758   0.02343  0.008313
   222/299     13.8G   0.04409   0.02872   0.01199    0.0848        64       640    0.4025    0.7065    0.6225    0.4266   0.03757   0.02342  0.008305
   223/299     13.8G   0.04399   0.02872   0.01198   0.08469       120       640    0.4027    0.7065    0.6225    0.4267   0.03757   0.02342  0.008306
   224/299     13.8G   0.04407   0.02868   0.01197   0.08471        64       640    0.4028    0.7059    0.6223    0.4267   0.03756   0.02341  0.008305
   225/299     13.8G   0.04404   0.02874   0.01192    0.0847        79       640    0.4024    0.7056    0.6226    0.4266   0.03756    0.0234  0.008303
   226/299     13.8G     0.044    0.0287   0.01192   0.08461        75       640    0.4024    0.7064     0.623    0.4272   0.03756    0.0234    0.0083
   227/299     13.8G   0.04389   0.02871   0.01185   0.08445        41       640     0.403    0.7064    0.6231     0.427   0.03756    0.0234  0.008293
   228/299     13.8G    0.0439   0.02876   0.01187   0.08453        69       640    0.4026    0.7056    0.6231    0.4266   0.03757    0.0234  0.008293
   229/299     13.8G    0.0439   0.02869    0.0118    0.0844        93       640    0.4018     0.705    0.6232    0.4267   0.03756    0.0234  0.008293
   230/299     13.8G   0.04384   0.02866   0.01182   0.08432        76       640    0.4019     0.706    0.6233    0.4266   0.03755    0.0234  0.008285
   231/299     13.8G   0.04384   0.02861   0.01177   0.08422        86       640    0.4026    0.7066    0.6241     0.427   0.03754    0.0234  0.008281
   232/299     13.8G   0.04381   0.02861   0.01178    0.0842       111       640    0.4029    0.7072     0.624    0.4273   0.03753    0.0234  0.008274
   233/299     13.8G    0.0438   0.02855   0.01176   0.08411        88       640    0.4027    0.7074    0.6242    0.4275   0.03752    0.0234  0.008269
   234/299     13.8G   0.04372   0.02864   0.01166   0.08402        70       640    0.4028     0.708    0.6236    0.4272   0.03752    0.0234  0.008261
   235/299     13.8G   0.04366   0.02856   0.01167   0.08389        89       640     0.403    0.7083     0.624     0.427   0.03753   0.02341  0.008255
   236/299     13.8G   0.04375   0.02851    0.0117   0.08397       117       640    0.4036     0.709    0.6238    0.4269   0.03752   0.02341  0.008245
   237/299     13.8G   0.04367   0.02856   0.01166   0.08388       115       640    0.4042    0.7075     0.624    0.4273   0.03751   0.02341  0.008244
   238/299     13.8G   0.04366   0.02858   0.01161   0.08386        96       640    0.4043    0.7073    0.6242    0.4276   0.03752   0.02341  0.008245
   239/299     13.8G   0.04355   0.02843   0.01158   0.08356        58       640    0.4032    0.7067    0.6244     0.428   0.03751   0.02342  0.008241
   240/299     13.8G   0.04363   0.02839   0.01165   0.08366        69       640    0.4042    0.7063    0.6242    0.4279    0.0375   0.02342  0.008234
   241/299     13.8G   0.04355   0.02845   0.01159   0.08359        96       640    0.4043    0.7062    0.6236    0.4274   0.03749   0.02342  0.008234
   242/299     13.8G   0.04357   0.02847   0.01157   0.08361       208       640    0.4042    0.7054    0.6236    0.4275   0.03749   0.02342  0.008231
   243/299     13.8G   0.04345   0.02843   0.01154   0.08342        39       640    0.4051    0.7055    0.6243     0.428   0.03748   0.02342  0.008231
   244/299     13.8G   0.04345   0.02848   0.01151   0.08344        69       640    0.4053    0.7053    0.6243    0.4282   0.03747   0.02341  0.008233
   245/299     13.8G   0.04342   0.02839   0.01147   0.08329       136       640    0.4049    0.7054    0.6248    0.4285   0.03748    0.0234  0.008236
   246/299     13.8G   0.04343   0.02837    0.0115    0.0833        39       640    0.4053    0.7056    0.6249    0.4286   0.03747   0.02341  0.008236
   247/299     13.8G   0.04338   0.02845    0.0115   0.08333        99       640    0.4059    0.7063    0.6252    0.4293   0.03746    0.0234  0.008231
   248/299     13.8G    0.0434   0.02843   0.01143   0.08326        69       640    0.4065    0.7074    0.6253    0.4292   0.03746   0.02341   0.00823
   249/299     13.8G   0.04336   0.02837   0.01143   0.08316        51       640    0.4069    0.7083    0.6257    0.4293   0.03746   0.02341  0.008235
   250/299     13.8G   0.04332   0.02838   0.01138   0.08308        93       640    0.4069    0.7087    0.6252    0.4291   0.03745   0.02342  0.008235
   251/299     13.8G   0.04331   0.02825   0.01136   0.08292        66       640    0.4074    0.7086    0.6249     0.429   0.03746   0.02341   0.00824
   252/299     13.8G   0.04332   0.02824   0.01139   0.08296        98       640    0.4082    0.7076    0.6247    0.4289   0.03746   0.02342  0.008235
   253/299     13.8G   0.04333   0.02829   0.01136   0.08298        91       640     0.408    0.7077    0.6249    0.4287   0.03746   0.02342  0.008238
   254/299     13.8G   0.04321   0.02836   0.01132   0.08288        60       640    0.4074     0.707    0.6248    0.4287   0.03746   0.02342  0.008232
   255/299     13.8G   0.04321   0.02823    0.0113   0.08274        69       640    0.4068     0.708    0.6248    0.4287   0.03745   0.02341  0.008236
   256/299     13.8G   0.04319   0.02835   0.01131   0.08285       102       640    0.4066    0.7079    0.6246    0.4289   0.03745   0.02341  0.008237
   257/299     13.8G   0.04314   0.02823   0.01127   0.08265        62       640    0.4068    0.7079    0.6247    0.4289   0.03744   0.02341  0.008235
   258/299     13.8G   0.04312   0.02825   0.01125   0.08262        64       640    0.4189    0.7095    0.6254    0.4293   0.03744   0.02342  0.008229
   259/299     13.8G   0.04309   0.02819   0.01122   0.08249        58       640    0.4194    0.7088    0.6259    0.4295   0.03744   0.02342  0.008226
   260/299     13.8G   0.04308   0.02808   0.01125   0.08241       106       640    0.4193    0.7083    0.6266    0.4298   0.03743   0.02342  0.008217
   261/299     13.8G   0.04307   0.02822   0.01123   0.08253        79       640    0.4169    0.7077    0.6266    0.4302   0.03743   0.02342  0.008216
   262/299     13.8G   0.04305   0.02823   0.01121   0.08249        65       640    0.4165    0.7085    0.6266    0.4303   0.03743   0.02343   0.00822
   263/299     13.8G   0.04302    0.0282   0.01119   0.08241        61       640    0.4164    0.7085     0.627    0.4305   0.03743   0.02343  0.008221
   264/299     13.8G   0.04302   0.02807   0.01117   0.08226       132       640    0.4171    0.7083    0.6273    0.4308   0.03743   0.02344  0.008226
   265/299     13.8G   0.04299   0.02817   0.01115   0.08232       100       640    0.4168    0.7074    0.6273    0.4306   0.03743   0.02344  0.008224
   266/299     13.8G   0.04302   0.02817   0.01112    0.0823        71       640    0.4174    0.7074    0.6269    0.4303   0.03743   0.02345  0.008225
   267/299     13.8G   0.04291   0.02803   0.01113   0.08207        66       640    0.4152    0.7067    0.6264      0.43   0.03743   0.02345  0.008224
   268/299     13.8G   0.04286   0.02809   0.01108   0.08203        86       640    0.4162    0.7065    0.6264    0.4302   0.03743   0.02345  0.008224
   269/299     13.8G   0.04287   0.02811   0.01108   0.08206       137       640    0.4157    0.7066    0.6263    0.4301   0.03744   0.02345  0.008225
   270/299     13.8G   0.04292   0.02817   0.01107   0.08216        66       640    0.4171    0.7077    0.6259    0.4302   0.03744   0.02346  0.008234
   271/299     13.8G   0.04296   0.02808   0.01108   0.08212       112       640    0.4164    0.7079     0.626    0.4303   0.03745   0.02345  0.008243
   272/299     13.8G    0.0429   0.02805   0.01108   0.08203       107       640     0.415     0.707    0.6255      0.43   0.03745   0.02345  0.008247
   273/299     13.8G   0.04289   0.02798   0.01107   0.08194        68       640    0.4159    0.7073     0.625    0.4295   0.03745   0.02345  0.008253
   274/299     13.8G    0.0429   0.02807   0.01107   0.08204       163       640    0.4145    0.7069    0.6251    0.4296   0.03745   0.02346  0.008249
   275/299     13.8G   0.04281   0.02797   0.01104   0.08182        82       640    0.4135     0.707    0.6245    0.4293   0.03745   0.02346  0.008242
   276/299     13.8G   0.04273     0.028   0.01099   0.08172        67       640    0.4133    0.7088    0.6247    0.4292   0.03745   0.02347  0.008248
   277/299     13.8G   0.04275   0.02796   0.01095   0.08166        57       640    0.4121    0.7087    0.6247    0.4293   0.03745   0.02347  0.008252
   278/299     13.8G    0.0428   0.02803   0.01096   0.08179        73       640    0.4111    0.7095    0.6249    0.4297   0.03745   0.02347  0.008254
   279/299     13.8G   0.04276    0.0279   0.01097   0.08163       106       640     0.411    0.7093    0.6252    0.4299   0.03744   0.02346  0.008248
   280/299     13.8G   0.04276   0.02797     0.011   0.08172        42       640     0.411    0.7087    0.6256    0.4304   0.03744   0.02346   0.00825
   281/299     13.8G   0.04276   0.02789   0.01097   0.08163        55       640    0.4111    0.7091    0.6258    0.4308   0.03742   0.02346  0.008263
   282/299     13.8G   0.04268   0.02788   0.01092   0.08148        79       640    0.4124    0.7095     0.626     0.431   0.03741   0.02346  0.008271
   283/299     13.8G   0.04271   0.02803   0.01095   0.08169        82       640     0.413    0.7096    0.6259    0.4312   0.03741   0.02346   0.00827
   284/299     13.8G   0.04269   0.02795   0.01094   0.08158        97       640     0.413    0.7093    0.6257    0.4309   0.03741   0.02346  0.008263
   285/299     13.8G   0.04268     0.028   0.01094   0.08162       148       640    0.4131    0.7093    0.6256    0.4307   0.03741   0.02347  0.008263
   286/299     13.8G   0.04272   0.02794   0.01094    0.0816        91       640    0.4125    0.7088    0.6252    0.4307   0.03741   0.02347   0.00827
   287/299     13.8G   0.04261   0.02789   0.01088   0.08138       124       640    0.4131    0.7094    0.6253    0.4307   0.03742   0.02347  0.008279
   288/299     13.8G   0.04271   0.02788   0.01089   0.08148        79       640    0.4132    0.7089    0.6253    0.4307   0.03742   0.02347   0.00829
   289/299     13.8G   0.04261   0.02791   0.01088    0.0814       107       640    0.4123    0.7081     0.625    0.4307   0.03742   0.02348  0.008297
   290/299     13.8G   0.04267   0.02789   0.01089   0.08146        73       640    0.4157    0.7083    0.6247    0.4307   0.03741   0.02349  0.008299
   291/299     13.8G   0.04263    0.0279   0.01089   0.08142        93       640    0.4156    0.7074    0.6252    0.4306   0.03741   0.02349  0.008303
   292/299     13.8G   0.04256   0.02796   0.01086   0.08139       102       640     0.416     0.708    0.6254    0.4306    0.0374   0.02349  0.008302
   293/299     13.8G   0.04257   0.02796   0.01085   0.08139        63       640    0.4156    0.7077    0.6255     0.431   0.03739   0.02349  0.008292
   294/299     13.8G   0.04268   0.02794   0.01091   0.08153        74       640    0.4161    0.7082    0.6259    0.4308   0.03739   0.02349  0.008287
   295/299     13.8G   0.04251   0.02796   0.01083    0.0813        90       640    0.4172    0.7079     0.626    0.4308   0.03738   0.02348  0.008288
   296/299     13.8G   0.04262   0.02787    0.0109    0.0814        58       640    0.4169    0.7097    0.6265    0.4303   0.03739   0.02348  0.008292
   297/299     13.8G   0.04261   0.02798   0.01087   0.08146        63       640    0.4175    0.7092    0.6266    0.4305   0.03738   0.02347  0.008287
   298/299     13.8G   0.04266   0.02795   0.01086   0.08147        95       640    0.4171    0.7094    0.6271    0.4308   0.03738   0.02348  0.008283
   299/299     13.8G   0.04252   0.02784   0.01081   0.08117        99       640    0.4171    0.7092    0.6272     0.431   0.03739   0.02348  0.008285
